%YAML:1.0
---
points: [ 2.77344238e+02, 2.83159393e+02, 2.55162766e+02, 2.84280609e+02,
    2.32874847e+02, 2.85494415e+02, 2.10349838e+02, 2.86677185e+02,
    1.87619751e+02, 2.87668365e+02, 2.76188171e+02, 2.60741699e+02,
    2.54317032e+02, 2.61629974e+02, 2.32053619e+02, 2.62728973e+02,
    2.09738876e+02, 2.63779785e+02, 1.87025772e+02, 2.64918091e+02,
    2.75079437e+02, 2.38656845e+02, 2.53294312e+02, 2.39529892e+02,
    2.31404053e+02, 2.40508591e+02, 2.08992844e+02, 2.41410614e+02,
    1.86715515e+02, 2.42440765e+02, 2.73922333e+02, 2.16934753e+02,
    2.52388290e+02, 2.17698517e+02, 2.30538437e+02, 2.18703918e+02,
    2.08517365e+02, 2.19450882e+02, 1.86045914e+02, 2.20227921e+02,
    2.72950897e+02, 1.95566864e+02, 2.51450577e+02, 1.96269379e+02,
    2.29701050e+02, 1.96883972e+02, 2.07796387e+02, 1.97674927e+02,
    1.85589813e+02, 1.98360367e+02, 2.72000977e+02, 1.74325760e+02,
    2.50496292e+02, 1.74922852e+02, 2.28928452e+02, 1.75609711e+02,
    2.07187927e+02, 1.76249680e+02, 1.84923767e+02, 1.76707733e+02,
    2.70942444e+02, 1.53271103e+02, 2.49651108e+02, 1.53810379e+02,
    2.28187134e+02, 1.54301926e+02, 2.06362900e+02, 1.54844193e+02,
    1.84368698e+02, 1.55291214e+02 ]
