%YAML:1.0
---
points: [ 9.04562378e+02, 7.50581543e+02, 8.40443176e+02, 7.53619568e+02,
    7.75835388e+02, 7.56640076e+02, 7.10344849e+02, 7.60224121e+02,
    6.43975952e+02, 7.63306335e+02, 9.02343262e+02, 6.86374939e+02,
    8.38694336e+02, 6.88923096e+02, 7.74567139e+02, 6.91679443e+02,
    7.09553040e+02, 6.94602722e+02, 6.43558167e+02, 6.97429077e+02,
    9.00417725e+02, 6.22722290e+02, 8.36952576e+02, 6.25335144e+02,
    7.73394775e+02, 6.27693237e+02, 7.08759399e+02, 6.30310242e+02,
    6.43381165e+02, 6.32901733e+02, 8.97951782e+02, 5.60293152e+02,
    8.35237732e+02, 5.62401489e+02, 7.71561218e+02, 5.64562378e+02,
    7.07769958e+02, 5.66715759e+02, 6.42755676e+02, 5.69210266e+02,
    8.95805481e+02, 4.98431396e+02, 8.33389465e+02, 5.00433380e+02,
    7.70423828e+02, 5.02303772e+02, 7.06814575e+02, 5.03943848e+02,
    6.42134888e+02, 5.05700531e+02, 8.93618835e+02, 4.37432800e+02,
    8.31537170e+02, 4.39218384e+02, 7.68986084e+02, 4.40635101e+02,
    7.05643982e+02, 4.42216644e+02, 6.41406006e+02, 4.43513916e+02,
    8.91564453e+02, 3.76748291e+02, 8.29751282e+02, 3.78301697e+02,
    7.67453064e+02, 3.79481476e+02, 7.04582581e+02, 3.80713654e+02,
    6.40539551e+02, 3.81738495e+02 ]
