%YAML:1.0
---
points: [ 5.31572083e+02, 3.88323547e+02, 5.92684937e+02, 3.88312256e+02,
    6.52572937e+02, 3.88301514e+02, 7.11441956e+02, 3.88194794e+02,
    7.69516235e+02, 3.88139404e+02, 5.32842224e+02, 4.46720398e+02,
    5.93741150e+02, 4.46291138e+02, 6.53885010e+02, 4.45711304e+02,
    7.12537476e+02, 4.45164917e+02, 7.70754395e+02, 4.44723633e+02,
    5.34097107e+02, 5.05159393e+02, 5.95090942e+02, 5.04137939e+02,
    6.55000732e+02, 5.03059326e+02, 7.13778442e+02, 5.02280212e+02,
    7.71769714e+02, 5.01360657e+02, 5.35251587e+02, 5.63549133e+02,
    5.96200500e+02, 5.61918579e+02, 6.56101868e+02, 5.60569641e+02,
    7.14910461e+02, 5.59265137e+02, 7.73190308e+02, 5.57888123e+02,
    5.36232605e+02, 6.21937378e+02, 5.97218323e+02, 6.19873474e+02,
    6.57389160e+02, 6.18182373e+02, 7.16324402e+02, 6.16497437e+02,
    7.74333862e+02, 6.14838989e+02, 5.37153931e+02, 6.80396912e+02,
    5.98231628e+02, 6.77884888e+02, 6.58290588e+02, 6.75638062e+02,
    7.17288452e+02, 6.73539368e+02, 7.75463562e+02, 6.71546997e+02,
    5.37670105e+02, 7.39154358e+02, 5.98891235e+02, 7.36338623e+02,
    6.59185913e+02, 7.33676270e+02, 7.18152527e+02, 7.31147888e+02,
    7.76497009e+02, 7.28746033e+02 ]
