%YAML:1.0
---
points: [ 9.38893799e+02, 8.18199829e+02, 8.66637329e+02, 8.18217651e+02,
    7.95122437e+02, 8.18265015e+02, 7.23410339e+02, 8.18214844e+02,
    6.52170959e+02, 8.18396179e+02, 9.39357483e+02, 7.45301208e+02,
    8.69467163e+02, 7.45521118e+02, 7.99540833e+02, 7.45865295e+02,
    7.29585388e+02, 7.45874817e+02, 6.59771301e+02, 7.46138489e+02,
    9.40299316e+02, 6.76372192e+02, 8.71701050e+02, 6.76708801e+02,
    8.03513123e+02, 6.76962463e+02, 7.35491455e+02, 6.77227112e+02,
    6.67480957e+02, 6.77455444e+02, 9.40790527e+02, 6.10354248e+02,
    8.73786072e+02, 6.10823853e+02, 8.06825256e+02, 6.11430054e+02,
    7.40638550e+02, 6.11829773e+02, 6.74301025e+02, 6.12232300e+02,
    9.41279236e+02, 5.47721558e+02, 8.75622803e+02, 5.48320801e+02,
    8.10691101e+02, 5.49055786e+02, 7.45721191e+02, 5.49416809e+02,
    6.80777710e+02, 5.49563416e+02, 9.41750061e+02, 4.87439301e+02,
    8.77652405e+02, 4.88201447e+02, 8.13701355e+02, 4.88807709e+02,
    7.50493774e+02, 4.89350403e+02, 6.86716675e+02, 4.89669312e+02,
    9.42327820e+02, 4.29644592e+02, 8.79556152e+02, 4.30479797e+02,
    8.17148193e+02, 4.31065063e+02, 7.54843506e+02, 4.31710480e+02,
    6.92576721e+02, 4.32267975e+02 ]
