%YAML:1.0
---
points: [ 8.12710938e+02, 7.98443359e+02, 7.43955566e+02, 8.02842590e+02,
    6.73981628e+02, 8.07530396e+02, 6.02864014e+02, 8.12337158e+02,
    5.30570984e+02, 8.16939270e+02, 8.11328369e+02, 7.30814941e+02,
    7.44060730e+02, 7.34730774e+02, 6.76101074e+02, 7.38845337e+02,
    6.06778687e+02, 7.43123352e+02, 5.36410645e+02, 7.47377197e+02,
    8.09780090e+02, 6.66628784e+02, 7.44187195e+02, 6.70276550e+02,
    6.77820129e+02, 6.73604492e+02, 6.10326721e+02, 6.77330811e+02,
    5.41530823e+02, 6.81198792e+02, 8.08155762e+02, 6.05300354e+02,
    7.44063477e+02, 6.08193420e+02, 6.79337708e+02, 6.11404663e+02,
    6.13282959e+02, 6.14547424e+02, 5.46365295e+02, 6.17990784e+02,
    8.06661743e+02, 5.46520447e+02, 7.44205505e+02, 5.49477722e+02,
    6.80595581e+02, 5.52087463e+02, 6.16358643e+02, 5.54656372e+02,
    5.50580566e+02, 5.57528015e+02, 8.05618713e+02, 4.90475281e+02,
    7.44037720e+02, 4.92473328e+02, 6.82146301e+02, 4.95189880e+02,
    6.18888306e+02, 4.97282227e+02, 5.54721863e+02, 4.99518311e+02,
    8.04220581e+02, 4.36588989e+02, 7.44057983e+02, 4.38302032e+02,
    6.83313477e+02, 4.40285461e+02, 6.21627319e+02, 4.42278839e+02,
    5.58788818e+02, 4.43948792e+02 ]
