%YAML:1.0
---
points: [ 9.93229858e+02, 5.29580261e+02, 9.94257080e+02, 5.91116821e+02,
    9.95210876e+02, 6.52717651e+02, 9.96154480e+02, 7.14691711e+02,
    9.97247192e+02, 7.77475708e+02, 9.32148743e+02, 5.30585754e+02,
    9.32882385e+02, 5.92151306e+02, 9.33643982e+02, 6.53489746e+02,
    9.34479675e+02, 7.15439331e+02, 9.35436768e+02, 7.77933105e+02,
    8.71289490e+02, 5.31669739e+02, 8.71913696e+02, 5.92934509e+02,
    8.72598633e+02, 6.54393982e+02, 8.73413025e+02, 7.16380615e+02,
    8.74217468e+02, 7.78729431e+02, 8.10506714e+02, 5.32716797e+02,
    8.11086365e+02, 5.93917175e+02, 8.11546082e+02, 6.55367065e+02,
    8.12235352e+02, 7.17307678e+02, 8.12672852e+02, 7.79506897e+02,
    7.50102783e+02, 5.33847168e+02, 7.50373901e+02, 5.95025391e+02,
    7.50687561e+02, 6.56281677e+02, 7.51158752e+02, 7.17966003e+02,
    7.51367859e+02, 7.80578125e+02, 6.89450684e+02, 5.34737244e+02,
    6.89465393e+02, 5.95926575e+02, 6.90062805e+02, 6.56966553e+02,
    6.89902588e+02, 7.18842224e+02, 6.89611023e+02, 7.81449280e+02,
    6.28751221e+02, 5.35751404e+02, 6.28424316e+02, 5.96898926e+02,
    6.28626404e+02, 6.58261353e+02, 6.28383789e+02, 7.19848511e+02,
    6.27977661e+02, 7.82530212e+02 ]
