%YAML:1.0
---
points: [ 3.06139679e+02, 2.06182327e+02, 3.06688965e+02, 2.27568924e+02,
    3.07299591e+02, 2.49043350e+02, 3.07841034e+02, 2.70596405e+02,
    3.08590912e+02, 2.92619965e+02, 2.84831116e+02, 2.06703644e+02,
    2.85283417e+02, 2.27900513e+02, 2.85824585e+02, 2.49242996e+02,
    2.86365723e+02, 2.70844330e+02, 2.86879822e+02, 2.92667297e+02,
    2.63796753e+02, 2.07145676e+02, 2.64164062e+02, 2.28323975e+02,
    2.64597290e+02, 2.49682602e+02, 2.64964142e+02, 2.71201660e+02,
    2.65502014e+02, 2.93067017e+02, 2.42632233e+02, 2.07509430e+02,
    2.42966354e+02, 2.28818420e+02, 2.43368042e+02, 2.50020615e+02,
    2.43753891e+02, 2.71647125e+02, 2.44100647e+02, 2.93377716e+02,
    2.21629349e+02, 2.08081741e+02, 2.21886627e+02, 2.29145950e+02,
    2.22289795e+02, 2.50505966e+02, 2.22444992e+02, 2.71914612e+02,
    2.22748581e+02, 2.93751007e+02, 2.00454498e+02, 2.08347214e+02,
    2.00691895e+02, 2.29606857e+02, 2.01008347e+02, 2.50831116e+02,
    2.01197418e+02, 2.72379181e+02, 2.01291077e+02, 2.94115601e+02,
    1.79429031e+02, 2.08754364e+02, 1.79466843e+02, 2.30053268e+02,
    1.79737747e+02, 2.51303818e+02, 1.79765305e+02, 2.72831055e+02,
    1.79871948e+02, 2.94576050e+02 ]
