%YAML:1.0
---
points: [ 8.71877808e+02, 5.54600220e+02, 8.74332947e+02, 6.11414368e+02,
    8.76398315e+02, 6.69672974e+02, 8.78585083e+02, 7.29844543e+02,
    8.80735596e+02, 7.92601318e+02, 8.13623169e+02, 5.56368958e+02,
    8.15059143e+02, 6.13377502e+02, 8.16433899e+02, 6.72139771e+02,
    8.17530212e+02, 7.32858154e+02, 8.18694580e+02, 7.96213684e+02,
    7.54757324e+02, 5.58237732e+02, 7.55198914e+02, 6.15538818e+02,
    7.55424194e+02, 6.74593994e+02, 7.55628540e+02, 7.35832825e+02,
    7.55673218e+02, 7.99551941e+02, 6.95195984e+02, 5.60044739e+02,
    6.94442139e+02, 6.17572449e+02, 6.93634705e+02, 6.77305664e+02,
    6.92551514e+02, 7.39136658e+02, 6.91567322e+02, 8.03400574e+02,
    6.34536194e+02, 5.61655457e+02, 6.32800415e+02, 6.19954407e+02,
    6.30734802e+02, 6.80325806e+02, 6.28561340e+02, 7.42436340e+02,
    6.26389648e+02, 8.07416565e+02, 5.72722595e+02, 5.63607666e+02,
    5.69809937e+02, 6.22330139e+02, 5.66859863e+02, 6.83036865e+02,
    5.63554626e+02, 7.45712402e+02, 5.59818420e+02, 8.11403503e+02,
    5.09836945e+02, 5.65322510e+02, 5.06016815e+02, 6.24373657e+02,
    5.01637848e+02, 6.85775757e+02, 4.97088257e+02, 7.49277649e+02,
    4.92422424e+02, 8.15304260e+02 ]
