%YAML:1.0
---
points: [ 2.95708466e+02, 2.22629456e+02, 2.97700989e+02, 2.44128220e+02,
    2.99656677e+02, 2.66672485e+02, 3.01913757e+02, 2.90713501e+02,
    3.04277374e+02, 3.15836273e+02, 2.73375671e+02, 2.23263031e+02,
    2.74689362e+02, 2.44863647e+02, 2.76066956e+02, 2.67593170e+02,
    2.77756470e+02, 2.91441498e+02, 2.79366119e+02, 3.16904663e+02,
    2.51129318e+02, 2.23969360e+02, 2.51880035e+02, 2.45626740e+02,
    2.52713867e+02, 2.68328552e+02, 2.53666061e+02, 2.92270844e+02,
    2.54539886e+02, 3.17748230e+02, 2.28552994e+02, 2.24592239e+02,
    2.28833206e+02, 2.46255951e+02, 2.29154266e+02, 2.68924530e+02,
    2.29359329e+02, 2.93295349e+02, 2.29652161e+02, 3.18731598e+02,
    2.05978104e+02, 2.25204437e+02, 2.05726135e+02, 2.46941269e+02,
    2.05355820e+02, 2.70038574e+02, 2.04957977e+02, 2.94111786e+02,
    2.04372101e+02, 3.19860138e+02, 1.83165985e+02, 2.25764404e+02,
    1.82256332e+02, 2.47786865e+02, 1.81172638e+02, 2.70797241e+02,
    1.80215210e+02, 2.95165619e+02, 1.79229446e+02, 3.20674500e+02,
    1.60228851e+02, 2.26590332e+02, 1.58624725e+02, 2.48393265e+02,
    1.57043533e+02, 2.71772888e+02, 1.55307434e+02, 2.96125397e+02,
    1.53466293e+02, 3.21875458e+02 ]
