%YAML:1.0
---
points: [ 3.70780304e+02, 2.05888184e+02, 3.74758850e+02, 2.26533447e+02,
    3.78877045e+02, 2.47674789e+02, 3.83132050e+02, 2.69279663e+02,
    3.87486511e+02, 2.91442108e+02, 3.51585175e+02, 2.07671783e+02,
    3.55299805e+02, 2.28764725e+02, 3.59347687e+02, 2.50027237e+02,
    3.63504761e+02, 2.71982330e+02, 3.67831360e+02, 2.94455109e+02,
    3.31970490e+02, 2.09653091e+02, 3.35592865e+02, 2.30851227e+02,
    3.39392944e+02, 2.52543716e+02, 3.43475311e+02, 2.74764832e+02,
    3.47578674e+02, 2.97604156e+02, 3.11842468e+02, 2.11592758e+02,
    3.15458801e+02, 2.33204010e+02, 3.19051208e+02, 2.55051056e+02,
    3.22908844e+02, 2.77653625e+02, 3.26846466e+02, 3.00761536e+02,
    2.91417877e+02, 2.13600739e+02, 2.94674103e+02, 2.35479126e+02,
    2.98086304e+02, 2.57770966e+02, 3.01694061e+02, 2.80679535e+02,
    3.05549225e+02, 3.04219208e+02, 2.70279785e+02, 2.15617050e+02,
    2.73528046e+02, 2.37758179e+02, 2.76632599e+02, 2.60459076e+02,
    2.80141724e+02, 2.83629761e+02, 2.83602051e+02, 3.07525970e+02,
    2.48754349e+02, 2.17832703e+02, 2.51683823e+02, 2.40183182e+02,
    2.54693680e+02, 2.63273346e+02, 2.57774414e+02, 2.86812714e+02,
    2.61122742e+02, 3.11162323e+02 ]
