%YAML:1.0
---
points: [ 4.82381836e+02, 7.91549377e+02, 4.06193573e+02, 8.05890198e+02,
    3.25352081e+02, 8.20697266e+02, 2.39910645e+02, 8.36012329e+02,
    1.50145035e+02, 8.52355713e+02, 4.75251465e+02, 7.25227539e+02,
    4.00269470e+02, 7.37433472e+02, 3.20586884e+02, 7.50110229e+02,
    2.36613556e+02, 7.62857788e+02, 1.48141571e+02, 7.76753662e+02,
    4.68526337e+02, 6.61490540e+02, 3.94271362e+02, 6.71514648e+02,
    3.16080627e+02, 6.81914062e+02, 2.33433090e+02, 6.92774109e+02,
    1.46415466e+02, 7.03980896e+02, 4.61379852e+02, 6.00203125e+02,
    3.88466949e+02, 6.08084961e+02, 3.11360718e+02, 6.16549011e+02,
    2.30323929e+02, 6.25032959e+02, 1.44518860e+02, 6.34336121e+02,
    4.54626068e+02, 5.40755432e+02, 3.82606720e+02, 5.46789062e+02,
    3.06858368e+02, 5.53454102e+02, 2.27314987e+02, 5.60080383e+02,
    1.42911423e+02, 5.66660034e+02, 4.48060120e+02, 4.83287140e+02,
    3.77184418e+02, 4.87631714e+02, 3.02448822e+02, 4.92380524e+02,
    2.24131912e+02, 4.97059082e+02, 1.41238403e+02, 5.01952515e+02,
    4.41716858e+02, 4.27430450e+02, 3.71765106e+02, 4.30276550e+02,
    2.98359589e+02, 4.33009125e+02, 2.21122025e+02, 4.36148682e+02,
    1.39800308e+02, 4.39151855e+02 ]
