%YAML:1.0
---
points: [ 8.88264160e+01, 1.54978958e+02, 1.09906883e+02, 1.55976593e+02,
    1.31209030e+02, 1.56881485e+02, 1.52808334e+02, 1.57765884e+02,
    1.74888763e+02, 1.58775009e+02, 8.57346649e+01, 1.76802444e+02,
    1.06796448e+02, 1.77918671e+02, 1.28432922e+02, 1.79020782e+02,
    1.50172089e+02, 1.80110611e+02, 1.72492752e+02, 1.81183884e+02,
    8.26386032e+01, 1.98993896e+02, 1.03871605e+02, 2.00232712e+02,
    1.25588699e+02, 2.01489700e+02, 1.47540955e+02, 2.02771057e+02,
    1.69821518e+02, 2.04096649e+02, 7.93123627e+01, 2.21402603e+02,
    1.00692398e+02, 2.22887115e+02, 1.22421738e+02, 2.24307526e+02,
    1.44708069e+02, 2.25799454e+02, 1.67384232e+02, 2.27332626e+02,
    7.61197891e+01, 2.44302704e+02, 9.75093689e+01, 2.45990738e+02,
    1.19586769e+02, 2.47628342e+02, 1.41970032e+02, 2.49350616e+02,
    1.64685547e+02, 2.50998581e+02, 7.26892090e+01, 2.67436768e+02,
    9.43321991e+01, 2.69356049e+02, 1.16319542e+02, 2.71365906e+02,
    1.38840912e+02, 2.73278687e+02, 1.61799744e+02, 2.75251038e+02,
    6.94230957e+01, 2.91111053e+02, 9.09940186e+01, 2.93336975e+02,
    1.13087730e+02, 2.95524200e+02, 1.35812805e+02, 2.97791656e+02,
    1.58914352e+02, 3.00080780e+02 ]
