%YAML:1.0
---
points: [ 2.75929382e+02, 1.52245682e+02, 2.97211884e+02, 1.52752151e+02,
    3.17870850e+02, 1.53279739e+02, 3.38177063e+02, 1.53688202e+02,
    3.57542542e+02, 1.54296509e+02, 2.76750946e+02, 1.74652390e+02,
    2.97895081e+02, 1.74948486e+02, 3.18683411e+02, 1.75112885e+02,
    3.39025757e+02, 1.75238037e+02, 3.58820648e+02, 1.75399994e+02,
    2.77350555e+02, 1.97305008e+02, 2.98837952e+02, 1.97142273e+02,
    3.19613617e+02, 1.96927628e+02, 3.39881927e+02, 1.96864761e+02,
    3.59725464e+02, 1.96634384e+02, 2.78374573e+02, 2.19892456e+02,
    2.99883148e+02, 2.19441269e+02, 3.20753448e+02, 2.19065994e+02,
    3.41125000e+02, 2.18614502e+02, 3.60877960e+02, 2.18293777e+02,
    2.79209839e+02, 2.42851425e+02, 3.00766663e+02, 2.42059097e+02,
    3.21729736e+02, 2.41354370e+02, 3.42250153e+02, 2.40643448e+02,
    3.62183014e+02, 2.39996155e+02, 2.80190247e+02, 2.66101562e+02,
    3.01911713e+02, 2.64942963e+02, 3.22941437e+02, 2.63971344e+02,
    3.43394745e+02, 2.62884949e+02, 3.63466187e+02, 2.62065826e+02,
    2.81142151e+02, 2.89720856e+02, 3.02974792e+02, 2.88163361e+02,
    3.24188782e+02, 2.86737640e+02, 3.44628113e+02, 2.85373169e+02,
    3.64758728e+02, 2.84194092e+02 ]
