%YAML:1.0
---
points: [ 7.27775818e+02, 5.68604370e+02, 7.14615845e+02, 6.37520020e+02,
    7.00995972e+02, 7.07891235e+02, 6.86769104e+02, 7.80054749e+02,
    6.72345459e+02, 8.54322266e+02, 6.71800598e+02, 5.62646362e+02,
    6.58760864e+02, 6.29807678e+02, 6.44911682e+02, 6.98153748e+02,
    6.30551514e+02, 7.68419434e+02, 6.15760803e+02, 8.40413696e+02,
    6.18501099e+02, 5.57251099e+02, 6.05334778e+02, 6.22575195e+02,
    5.91462097e+02, 6.89411133e+02, 5.76830200e+02, 7.57609985e+02,
    5.62213989e+02, 8.27688171e+02, 5.67574280e+02, 5.51732971e+02,
    5.53845459e+02, 6.15805725e+02, 5.39827087e+02, 6.80742432e+02,
    5.25430725e+02, 7.47436890e+02, 5.10501160e+02, 8.15431152e+02,
    5.19119324e+02, 5.47074463e+02, 5.05623840e+02, 6.09181091e+02,
    4.91621185e+02, 6.72748474e+02, 4.76923828e+02, 7.37572327e+02,
    4.61855865e+02, 8.03794861e+02, 4.72854309e+02, 5.42027893e+02,
    4.58583862e+02, 6.02933167e+02, 4.45390106e+02, 6.64863464e+02,
    4.30255066e+02, 7.28192322e+02, 4.14811737e+02, 7.92511475e+02,
    4.28840912e+02, 5.37601318e+02, 4.14191040e+02, 5.96890808e+02,
    4.00724213e+02, 6.57465332e+02, 3.85979706e+02, 7.18787781e+02,
    3.70343781e+02, 7.82158203e+02 ]
