%YAML:1.0
---
points: [ 3.66130157e+02, 2.08658447e+02, 3.71123199e+02, 2.29730728e+02,
    3.76338379e+02, 2.51339783e+02, 3.81724731e+02, 2.73551117e+02,
    3.87006622e+02, 2.96108154e+02, 3.47798218e+02, 2.10727280e+02,
    3.52635803e+02, 2.32501770e+02, 3.57701965e+02, 2.54372757e+02,
    3.62981262e+02, 2.77082855e+02, 3.68304810e+02, 3.00163940e+02,
    3.28906219e+02, 2.13119812e+02, 3.33570496e+02, 2.35134018e+02,
    3.38483551e+02, 2.57620697e+02, 3.43671417e+02, 2.80823547e+02,
    3.48876312e+02, 3.04556763e+02, 3.09062653e+02, 2.15436493e+02,
    3.13746521e+02, 2.37955734e+02, 3.18640076e+02, 2.60886108e+02,
    3.23634094e+02, 2.84723083e+02, 3.28731995e+02, 3.09015259e+02,
    2.88679962e+02, 2.18000229e+02, 2.93062866e+02, 2.40870514e+02,
    2.97655945e+02, 2.64484497e+02, 3.02478027e+02, 2.88761261e+02,
    3.07539856e+02, 3.13776398e+02, 2.67283447e+02, 2.20461929e+02,
    2.71649475e+02, 2.44025284e+02, 2.75885468e+02, 2.68129395e+02,
    2.80617889e+02, 2.93104858e+02, 2.85439148e+02, 3.18671112e+02,
    2.44965668e+02, 2.23179443e+02, 2.49160019e+02, 2.47159866e+02,
    2.53275604e+02, 2.72114471e+02, 2.57674744e+02, 2.97460297e+02,
    2.62264496e+02, 3.23971741e+02 ]
