%YAML:1.0
---
points: [ 3.59726471e+02, 2.77746002e+02, 3.43205444e+02, 2.83245850e+02,
    3.26109406e+02, 2.88853851e+02, 3.08168091e+02, 2.95056763e+02,
    2.88457214e+02, 3.01558807e+02, 3.55018616e+02, 2.55995392e+02,
    3.38486725e+02, 2.60639618e+02, 3.21220734e+02, 2.65749512e+02,
    3.03216888e+02, 2.71091431e+02, 2.83479797e+02, 2.76824432e+02,
    3.50344757e+02, 2.34364227e+02, 3.33862274e+02, 2.38554520e+02,
    3.16548218e+02, 2.42805115e+02, 2.98192017e+02, 2.47429367e+02,
    2.78697693e+02, 2.52261642e+02, 3.45910645e+02, 2.12916733e+02,
    3.29457611e+02, 2.16440582e+02, 3.12025604e+02, 2.20137115e+02,
    2.93569489e+02, 2.23943619e+02, 2.73779480e+02, 2.28072739e+02,
    3.41330627e+02, 1.91726089e+02, 3.24798401e+02, 1.94871262e+02,
    3.07294128e+02, 1.97597443e+02, 2.88719177e+02, 2.00734940e+02,
    2.69036987e+02, 2.03931427e+02, 3.37137817e+02, 1.70639847e+02,
    3.20324341e+02, 1.72786316e+02, 3.02753967e+02, 1.75163864e+02,
    2.84055878e+02, 1.77599991e+02, 2.64289429e+02, 1.80129150e+02,
    3.32993011e+02, 1.49463455e+02, 3.16198425e+02, 1.51118317e+02,
    2.98367737e+02, 1.52727005e+02, 2.79504181e+02, 1.54379868e+02,
    2.59482971e+02, 1.56151428e+02 ]
