%YAML:1.0
---
points: [ 1.14158545e+03, 7.35154358e+02, 1.09135730e+03, 7.50508301e+02,
    1.03872021e+03, 7.67127258e+02, 9.83343567e+02, 7.84554321e+02,
    9.22884155e+02, 8.03321777e+02, 1.12875244e+03, 6.72716003e+02,
    1.07882349e+03, 6.86368469e+02, 1.02549939e+03, 7.00842896e+02,
    9.70116211e+02, 7.16028137e+02, 9.09486755e+02, 7.32549744e+02,
    1.11637927e+03, 6.10876648e+02, 1.06607336e+03, 6.22771484e+02,
    1.01288794e+03, 6.35123840e+02, 9.56458679e+02, 6.48263794e+02,
    8.96309021e+02, 6.62188660e+02, 1.10405286e+03, 5.49706665e+02,
    1.05395288e+03, 5.59469299e+02, 1.00051147e+03, 5.69901733e+02,
    9.43991821e+02, 5.80730103e+02, 8.82887573e+02, 5.92515930e+02,
    1.09174365e+03, 4.88606812e+02, 1.04131079e+03, 4.96597107e+02,
    9.87336670e+02, 5.04766144e+02, 9.30493408e+02, 5.13519043e+02,
    8.69680176e+02, 5.22863647e+02, 1.07999341e+03, 4.27837708e+02,
    1.02890808e+03, 4.33850189e+02, 9.74855530e+02, 4.40191589e+02,
    9.17578064e+02, 4.46742950e+02, 8.56442566e+02, 4.53769470e+02,
    1.06856287e+03, 3.67170990e+02, 1.01731848e+03, 3.71346802e+02,
    9.62983521e+02, 3.75608429e+02, 9.05068909e+02, 3.80287354e+02,
    8.43501709e+02, 3.84844147e+02 ]
