%YAML:1.0
---
points: [ 1.15408951e+02, 2.15198181e+02, 1.06133972e+02, 2.16617111e+02,
    9.66362457e+01, 2.18087402e+02, 8.65303116e+01, 2.19596283e+02,
    7.61938858e+01, 2.21261826e+02, 1.12560555e+02, 2.05885803e+02,
    1.03272919e+02, 2.07118942e+02, 9.36355057e+01, 2.08343613e+02,
    8.35424881e+01, 2.09631256e+02, 7.31511765e+01, 2.11063248e+02,
    1.09792435e+02, 1.96585022e+02, 1.00375481e+02, 1.97663681e+02,
    9.07061768e+01, 1.98701706e+02, 8.06860733e+01, 1.99845352e+02,
    7.02096481e+01, 2.00954025e+02, 1.06944267e+02, 1.87344070e+02,
    9.76062164e+01, 1.88145691e+02, 8.79095383e+01, 1.89005646e+02,
    7.77860413e+01, 1.89902023e+02, 6.72982635e+01, 1.90921387e+02,
    1.04112099e+02, 1.78213028e+02, 9.47237549e+01, 1.78836487e+02,
    8.50463181e+01, 1.79589371e+02, 7.49307632e+01, 1.80222122e+02,
    6.44081650e+01, 1.80803955e+02, 1.01388329e+02, 1.68965134e+02,
    9.20645294e+01, 1.69624374e+02, 8.22219086e+01, 1.69970764e+02,
    7.21878204e+01, 1.70555786e+02, 6.17010460e+01, 1.70842407e+02,
    9.86169434e+01, 1.59982742e+02, 8.92941055e+01, 1.60213455e+02,
    7.94637833e+01, 1.60616898e+02, 6.93936996e+01, 1.60748047e+02,
    5.90386124e+01, 1.61094650e+02 ]
