%YAML:1.0
---
points: [ 2.50382584e+02, 2.07845856e+02, 2.41346405e+02, 2.07826035e+02,
    2.32409973e+02, 2.07929520e+02, 2.23505402e+02, 2.07771759e+02,
    2.14533829e+02, 2.07885910e+02, 2.50440628e+02, 1.98623764e+02,
    2.41429214e+02, 1.98697052e+02, 2.32536011e+02, 1.98770508e+02,
    2.23592148e+02, 1.98852631e+02, 2.14668594e+02, 1.98909164e+02,
    2.50558121e+02, 1.89720474e+02, 2.41520370e+02, 1.89809540e+02,
    2.32577042e+02, 1.89927856e+02, 2.23689224e+02, 1.89946457e+02,
    2.14796143e+02, 1.90040039e+02, 2.50522552e+02, 1.80732605e+02,
    2.41617783e+02, 1.80869141e+02, 2.32600449e+02, 1.80936844e+02,
    2.23737579e+02, 1.81126190e+02, 2.14869202e+02, 1.81218948e+02,
    2.50618561e+02, 1.71912857e+02, 2.41630753e+02, 1.72034027e+02,
    2.32710220e+02, 1.72122787e+02, 2.23824142e+02, 1.72232498e+02,
    2.14990143e+02, 1.72336685e+02, 2.50601929e+02, 1.63035416e+02,
    2.41631439e+02, 1.63144028e+02, 2.32748657e+02, 1.63288254e+02,
    2.23909103e+02, 1.63407181e+02, 2.15102509e+02, 1.63445526e+02,
    2.50714005e+02, 1.54145584e+02, 2.41688232e+02, 1.54345108e+02,
    2.32824509e+02, 1.54436203e+02, 2.23979660e+02, 1.54555679e+02,
    2.15196045e+02, 1.54675888e+02 ]
