%YAML:1.0
---
points: [ 2.48823730e+02, 2.18391510e+02, 2.38759079e+02, 2.18415726e+02,
    2.28992020e+02, 2.18474686e+02, 2.19036926e+02, 2.18329651e+02,
    2.09238205e+02, 2.18443405e+02, 2.49143082e+02, 2.10062256e+02,
    2.39397446e+02, 2.10074722e+02, 2.29596542e+02, 2.10139648e+02,
    2.19868835e+02, 2.10088242e+02, 2.10139496e+02, 2.10072556e+02,
    2.49570557e+02, 2.01977066e+02, 2.39901138e+02, 2.02102631e+02,
    2.30269485e+02, 2.02143250e+02, 2.20708679e+02, 2.02070908e+02,
    2.11023422e+02, 2.02050186e+02, 2.49797424e+02, 1.94080750e+02,
    2.40400528e+02, 1.94192154e+02, 2.30848114e+02, 1.94195084e+02,
    2.21385910e+02, 1.94210831e+02, 2.11959930e+02, 1.94234451e+02,
    2.50277100e+02, 1.86450500e+02, 2.40837143e+02, 1.86479004e+02,
    2.31461639e+02, 1.86604538e+02, 2.22189713e+02, 1.86534088e+02,
    2.12777924e+02, 1.86540970e+02, 2.50598984e+02, 1.78915756e+02,
    2.41262741e+02, 1.79106354e+02, 2.32077850e+02, 1.79172012e+02,
    2.22869110e+02, 1.79225693e+02, 2.13572388e+02, 1.79195633e+02,
    2.50878448e+02, 1.71647751e+02, 2.41702408e+02, 1.71704605e+02,
    2.32624832e+02, 1.71791443e+02, 2.23530640e+02, 1.71826172e+02,
    2.14444046e+02, 1.71913757e+02 ]
