%YAML:1.0
---
points: [ 4.07625763e+02, 4.63001984e+02, 4.13028137e+02, 4.90643951e+02,
    4.18579926e+02, 5.18480225e+02, 4.23846893e+02, 5.46548035e+02,
    4.29577789e+02, 5.74756287e+02, 3.75430603e+02, 4.64843597e+02,
    3.80745361e+02, 4.93071472e+02, 3.86308167e+02, 5.21492737e+02,
    3.91665894e+02, 5.49905945e+02, 3.97285095e+02, 5.78774536e+02,
    3.42124359e+02, 4.66689575e+02, 3.47546692e+02, 4.95512604e+02,
    3.52722412e+02, 5.24480347e+02, 3.58465210e+02, 5.53540588e+02,
    3.63830353e+02, 5.82998169e+02, 3.07264740e+02, 4.68568909e+02,
    3.12717041e+02, 4.98277496e+02, 3.18185516e+02, 5.27551758e+02,
    3.23689606e+02, 5.57330078e+02, 3.29174438e+02, 5.87206543e+02,
    2.71457886e+02, 4.70785950e+02, 2.76683075e+02, 5.00802277e+02,
    2.82151367e+02, 5.30773743e+02, 2.87518829e+02, 5.61236267e+02,
    2.93249512e+02, 5.91867554e+02, 2.34282852e+02, 4.72835388e+02,
    2.39501541e+02, 5.03579468e+02, 2.44777756e+02, 5.34301514e+02,
    2.50358170e+02, 5.65326904e+02, 2.55554413e+02, 5.96380676e+02,
    1.95812332e+02, 4.75443390e+02, 2.01148590e+02, 5.06332184e+02,
    2.06302383e+02, 5.37730225e+02, 2.11498230e+02, 5.69220703e+02,
    2.17029877e+02, 6.01164368e+02 ]
