%YAML:1.0
---
points: [ 2.75846497e+02, 4.70762695e+02, 2.85636932e+02, 5.00522491e+02,
    2.95239655e+02, 5.30160889e+02, 3.05164764e+02, 5.59997375e+02,
    3.15074554e+02, 5.90260986e+02, 2.41581192e+02, 4.73575745e+02,
    2.51485916e+02, 5.04123779e+02, 2.61125061e+02, 5.34571716e+02,
    2.71393311e+02, 5.65373108e+02, 2.81122070e+02, 5.96164856e+02,
    2.05656998e+02, 4.76804871e+02, 2.15613678e+02, 5.07916565e+02,
    2.25621292e+02, 5.39427551e+02, 2.35609024e+02, 5.70597412e+02,
    2.46025757e+02, 6.02413269e+02, 1.67693329e+02, 4.79619141e+02,
    1.78183685e+02, 5.11870575e+02, 1.88235260e+02, 5.44132996e+02,
    1.98731979e+02, 5.76388123e+02, 2.08712982e+02, 6.08622253e+02,
    1.28253662e+02, 4.83173828e+02, 1.38490311e+02, 5.16135559e+02,
    1.48750229e+02, 5.49358826e+02, 1.59371872e+02, 5.82252197e+02,
    1.69913483e+02, 6.15718140e+02, 8.67195129e+01, 4.86492615e+02,
    9.71428604e+01, 5.20592407e+02, 1.07544800e+02, 5.54478882e+02,
    1.18195564e+02, 5.88663818e+02, 1.28901138e+02, 6.22782410e+02,
    4.28525887e+01, 4.90423553e+02, 5.36510239e+01, 5.24887390e+02,
    6.42237396e+01, 5.60271057e+02, 7.48262482e+01, 5.95187256e+02,
    8.57442474e+01, 6.30370056e+02 ]
