%YAML:1.0
---
points: [ 1.77128699e+03, 6.30980103e+02, 1.71923901e+03, 6.29053406e+02,
    1.66894202e+03, 6.26957397e+02, 1.62016785e+03, 6.24828003e+02,
    1.57275134e+03, 6.23140015e+02, 1.76907336e+03, 5.89221008e+02,
    1.71753906e+03, 5.87862427e+02, 1.66751733e+03, 5.86810364e+02,
    1.61937183e+03, 5.85595886e+02, 1.57226453e+03, 5.84339905e+02,
    1.76705896e+03, 5.48282715e+02, 1.71582190e+03, 5.47911377e+02,
    1.66646509e+03, 5.47301514e+02, 1.61850134e+03, 5.46907898e+02,
    1.57215454e+03, 5.46180054e+02, 1.76444592e+03, 5.08034454e+02,
    1.71429260e+03, 5.08303528e+02, 1.66515002e+03, 5.08468567e+02,
    1.61790881e+03, 5.08600311e+02, 1.57161096e+03, 5.08925446e+02,
    1.76246960e+03, 4.68662048e+02, 1.71248499e+03, 4.69664948e+02,
    1.66399084e+03, 4.70388824e+02, 1.61701355e+03, 4.71305206e+02,
    1.57126538e+03, 4.71835358e+02, 1.76044360e+03, 4.29962585e+02,
    1.71092419e+03, 4.31451202e+02, 1.66307190e+03, 4.32970642e+02,
    1.61615674e+03, 4.34220001e+02, 1.57092981e+03, 4.35514191e+02,
    1.75859106e+03, 3.91678589e+02, 1.70950000e+03, 3.93985962e+02,
    1.66169055e+03, 3.96231171e+02, 1.61567773e+03, 3.98030182e+02,
    1.57067273e+03, 3.99652069e+02 ]
