%YAML:1.0
---
points: [ 9.38511963e+01, 1.84502762e+02, 9.44645233e+01, 1.94900513e+02,
    9.48838501e+01, 2.05648193e+02, 9.53223190e+01, 2.16200516e+02,
    9.56983185e+01, 2.26794525e+02, 8.22240219e+01, 1.84681763e+02,
    8.26744080e+01, 1.95282425e+02, 8.31035004e+01, 2.05889465e+02,
    8.36169968e+01, 2.16692627e+02, 8.40834045e+01, 2.27622513e+02,
    7.05155563e+01, 1.84755585e+02, 7.08485031e+01, 1.95666412e+02,
    7.13290787e+01, 2.06456390e+02, 7.17706985e+01, 2.17323700e+02,
    7.22037735e+01, 2.28017059e+02, 5.85764732e+01, 1.85004761e+02,
    5.88143196e+01, 1.95763779e+02, 5.92282562e+01, 2.06817856e+02,
    5.96756516e+01, 2.17756668e+02, 6.00365410e+01, 2.28781250e+02,
    4.64407120e+01, 1.85264069e+02, 4.67547150e+01, 1.96235657e+02,
    4.70244102e+01, 2.07351791e+02, 4.75950661e+01, 2.18516220e+02,
    4.78878975e+01, 2.29562241e+02, 3.41995354e+01, 1.85639740e+02,
    3.45845032e+01, 1.96612793e+02, 3.48311691e+01, 2.07793533e+02,
    3.52539291e+01, 2.18796448e+02, 3.57092247e+01, 2.30206497e+02,
    2.18995667e+01, 1.85655869e+02, 2.22769585e+01, 1.96955399e+02,
    2.26065903e+01, 2.08071457e+02, 2.29193649e+01, 2.19699936e+02,
    2.32431488e+01, 2.30757217e+02 ]
