%YAML:1.0
---
points: [ 2.61835815e+02, 1.77091766e+02, 2.61896454e+02, 1.86068527e+02,
    2.61874908e+02, 1.94884430e+02, 2.62034729e+02, 2.03888397e+02,
    2.62053833e+02, 2.12956650e+02, 2.52885696e+02, 1.77212006e+02,
    2.52889572e+02, 1.86171722e+02, 2.53064331e+02, 1.95058990e+02,
    2.53146408e+02, 2.04043198e+02, 2.53137909e+02, 2.13082260e+02,
    2.43954239e+02, 1.77315430e+02, 2.44009872e+02, 1.86287277e+02,
    2.44049271e+02, 1.95172134e+02, 2.44162262e+02, 2.04103775e+02,
    2.44160034e+02, 2.13169174e+02, 2.35157028e+02, 1.77390335e+02,
    2.35115677e+02, 1.86375961e+02, 2.35180801e+02, 1.95216034e+02,
    2.35246094e+02, 2.04131744e+02, 2.35272751e+02, 2.13189957e+02,
    2.26275238e+02, 1.77437225e+02, 2.26266815e+02, 1.86430908e+02,
    2.26308777e+02, 1.95327393e+02, 2.26368546e+02, 2.04309494e+02,
    2.26414047e+02, 2.13311493e+02, 2.17406738e+02, 1.77608826e+02,
    2.17373840e+02, 1.86478134e+02, 2.17445572e+02, 1.95474152e+02,
    2.17393265e+02, 2.04303101e+02, 2.17376755e+02, 2.13303055e+02,
    2.08533798e+02, 1.77687683e+02, 2.08527390e+02, 1.86627579e+02,
    2.08480927e+02, 1.95502869e+02, 2.08483231e+02, 2.04358322e+02,
    2.08482208e+02, 2.13404083e+02 ]
