%YAML:1.0
---
points: [ 1.31276520e+02, 1.78527069e+02, 1.34020035e+02, 1.87367355e+02,
    1.36794327e+02, 1.95834412e+02, 1.39447235e+02, 2.04635513e+02,
    1.41784607e+02, 2.13029480e+02, 1.31276505e+02, 1.78527069e+02,
    1.34020004e+02, 1.87367355e+02, 1.36794312e+02, 1.95834412e+02,
    1.39447220e+02, 2.04635513e+02, 1.37166092e+02, 2.14880646e+02,
    1.26744576e+02, 1.79380692e+02, 1.29371506e+02, 1.88407837e+02,
    1.26138214e+02, 1.98648651e+02, 1.34876648e+02, 2.05820541e+02,
    1.37166077e+02, 2.14880646e+02, 1.20796211e+02, 1.80395493e+02,
    1.23416290e+02, 1.89706039e+02, 1.26138206e+02, 1.98648651e+02,
    1.23645561e+02, 2.09260040e+02, 1.32131104e+02, 2.16441315e+02,
    1.15124680e+02, 1.81456284e+02, 1.18289406e+02, 1.90696609e+02,
    1.20996704e+02, 1.99970428e+02, 1.23645546e+02, 2.09260040e+02,
    1.26739326e+02, 2.18512146e+02, 1.09450912e+02, 1.82326508e+02,
    1.12255135e+02, 1.92023056e+02, 1.15586349e+02, 2.01453552e+02,
    1.17972000e+02, 2.11133301e+02, 1.20681389e+02, 2.20436005e+02,
    1.01017212e+02, 1.83973572e+02, 1.05474968e+02, 1.93416473e+02,
    1.08695602e+02, 2.03218430e+02, 1.12216888e+02, 2.12623108e+02,
    1.14779869e+02, 2.22594574e+02 ]
