%YAML:1.0
---
points: [ 9.33438416e+02, 4.65799896e+02, 9.32774170e+02, 4.88724274e+02,
    9.31791138e+02, 5.11955872e+02, 9.31177002e+02, 5.35834961e+02,
    9.30400757e+02, 5.60368835e+02, 9.07431458e+02, 4.66202332e+02,
    9.06420959e+02, 4.89115021e+02, 9.05384094e+02, 5.12507935e+02,
    9.04361206e+02, 5.36271912e+02, 9.03122498e+02, 5.60625366e+02,
    8.81516724e+02, 4.66551849e+02, 8.80286743e+02, 4.89495850e+02,
    8.79022217e+02, 5.12705078e+02, 8.77547974e+02, 5.36539062e+02,
    8.76227844e+02, 5.60829224e+02, 8.55609741e+02, 4.66791077e+02,
    8.54108032e+02, 4.89581238e+02, 8.52648499e+02, 5.12846802e+02,
    8.50870789e+02, 5.36638855e+02, 8.49317566e+02, 5.60965576e+02,
    8.30031921e+02, 4.67254791e+02, 8.28292664e+02, 4.90088135e+02,
    8.26413879e+02, 5.13328064e+02, 8.24353821e+02, 5.36997681e+02,
    8.22479004e+02, 5.61359253e+02, 8.04458374e+02, 4.67395264e+02,
    8.02175781e+02, 4.90209412e+02, 8.00236145e+02, 5.13494080e+02,
    7.97790466e+02, 5.37263428e+02, 7.95625732e+02, 5.61214233e+02,
    7.78908142e+02, 4.67688446e+02, 7.76263428e+02, 4.90291351e+02,
    7.73836609e+02, 5.13657959e+02, 7.71369568e+02, 5.37054260e+02,
    7.68665527e+02, 5.61488342e+02 ]
