%YAML:1.0
---
points: [ 7.02866943e+02, 3.80122650e+02, 7.25945557e+02, 3.80989777e+02,
    7.49013550e+02, 3.81681000e+02, 7.72492310e+02, 3.82531647e+02,
    7.96346069e+02, 3.83331696e+02, 6.99535156e+02, 4.04691376e+02,
    7.22612183e+02, 4.05814941e+02, 7.45774048e+02, 4.06866699e+02,
    7.69383911e+02, 4.07714905e+02, 7.93095093e+02, 4.08695435e+02,
    6.96205872e+02, 4.29561615e+02, 7.19196533e+02, 4.30690277e+02,
    7.42589355e+02, 4.32033936e+02, 7.66003662e+02, 4.33167542e+02,
    7.89951294e+02, 4.34237335e+02, 6.92492310e+02, 4.54557587e+02,
    7.15720093e+02, 4.55716766e+02, 7.38933777e+02, 4.57216736e+02,
    7.62577942e+02, 4.58498840e+02, 7.86447876e+02, 4.59769989e+02,
    6.89244873e+02, 4.79668671e+02, 7.12327148e+02, 4.81212463e+02,
    7.35641357e+02, 4.82558411e+02, 7.59465271e+02, 4.84155029e+02,
    7.83432800e+02, 4.85562805e+02, 6.85575867e+02, 5.04771332e+02,
    7.08617065e+02, 5.06517151e+02, 7.32416870e+02, 5.08271637e+02,
    7.55843628e+02, 5.09712830e+02, 7.79868896e+02, 5.11573669e+02,
    6.81932983e+02, 5.30171875e+02, 7.05097961e+02, 5.32147461e+02,
    7.28635925e+02, 5.33874756e+02, 7.52555542e+02, 5.35698853e+02,
    7.76429321e+02, 5.37655029e+02 ]
