%YAML:1.0
---
points: [ 1.41352737e+02, 2.06872467e+02, 1.34119278e+02, 2.08417587e+02,
    1.26728523e+02, 2.10006638e+02, 1.19024422e+02, 2.11796432e+02,
    1.10932526e+02, 2.13424011e+02, 1.38372742e+02, 1.98192123e+02,
    1.31506516e+02, 1.99490677e+02, 1.24072922e+02, 2.00958710e+02,
    1.16345680e+02, 2.02363251e+02, 1.08212082e+02, 2.03992432e+02,
    1.36310760e+02, 1.89388046e+02, 1.29042206e+02, 1.90708115e+02,
    1.21451904e+02, 1.91869354e+02, 1.13640030e+02, 1.93183594e+02,
    1.05444420e+02, 1.94428650e+02, 1.33500626e+02, 1.80754532e+02,
    1.26574020e+02, 1.81707977e+02, 1.18932205e+02, 1.82790405e+02,
    1.11074409e+02, 1.83784485e+02, 1.02816872e+02, 1.85052811e+02,
    1.31429459e+02, 1.72031815e+02, 1.23984573e+02, 1.72802811e+02,
    1.16158607e+02, 1.73608353e+02, 1.08355347e+02, 1.74509354e+02,
    1.00069107e+02, 1.75356094e+02, 1.28542679e+02, 1.63275391e+02,
    1.21333557e+02, 1.63802338e+02, 1.13649963e+02, 1.64524033e+02,
    1.05651894e+02, 1.65128174e+02, 9.73197327e+01, 1.65805099e+02,
    1.26585846e+02, 1.54463806e+02, 1.19039894e+02, 1.54826843e+02,
    1.11164024e+02, 1.55297043e+02, 1.03044571e+02, 1.55733261e+02,
    9.46337662e+01, 1.56184784e+02 ]
