%YAML:1.0
---
points: [ 1.42628845e+03, 5.78513550e+02, 1.41485046e+03, 6.44234009e+02,
    1.40358142e+03, 7.11528442e+02, 1.39197253e+03, 7.81247498e+02,
    1.38037646e+03, 8.53300110e+02, 1.35530725e+03, 5.71575928e+02,
    1.34357593e+03, 6.34666931e+02, 1.33184729e+03, 6.99261475e+02,
    1.31973535e+03, 7.66061829e+02, 1.30755261e+03, 8.34792969e+02,
    1.28987915e+03, 5.65567383e+02, 1.27782812e+03, 6.25986450e+02,
    1.26554590e+03, 6.88207886e+02, 1.25333496e+03, 7.52137817e+02,
    1.24041797e+03, 8.18300293e+02, 1.22881836e+03, 5.59609009e+02,
    1.21655908e+03, 6.18146057e+02, 1.20422949e+03, 6.77495789e+02,
    1.19123926e+03, 7.39381775e+02, 1.17835486e+03, 8.02598572e+02,
    1.17240552e+03, 5.54390686e+02, 1.15990857e+03, 6.10538574e+02,
    1.14725098e+03, 6.68371094e+02, 1.13387183e+03, 7.27403259e+02,
    1.12053198e+03, 7.88439453e+02, 1.11965601e+03, 5.49182922e+02,
    1.10682251e+03, 6.03478271e+02, 1.09388098e+03, 6.59203125e+02,
    1.08047144e+03, 7.16341370e+02, 1.06650720e+03, 7.74878784e+02,
    1.07035400e+03, 5.44478577e+02, 1.05702576e+03, 5.96863892e+02,
    1.04420178e+03, 6.50718262e+02, 1.03038232e+03, 7.05760071e+02,
    1.01631940e+03, 7.62476501e+02 ]
