%YAML:1.0
---
points: [ 2.08149433e+01, 1.60094086e+02, 3.33185463e+01, 1.60280243e+02,
    4.55697594e+01, 1.60581207e+02, 5.75347710e+01, 1.60701233e+02,
    6.92731781e+01, 1.60848068e+02, 2.16328564e+01, 1.70631836e+02,
    3.41839561e+01, 1.70744659e+02, 4.63764496e+01, 1.70740158e+02,
    5.85140305e+01, 1.70759308e+02, 7.03715744e+01, 1.70721634e+02,
    2.24814224e+01, 1.81361908e+02, 3.50346756e+01, 1.81076843e+02,
    4.74732056e+01, 1.80942703e+02, 5.96325531e+01, 1.80830078e+02,
    7.16002045e+01, 1.80834518e+02, 2.31959705e+01, 1.91974579e+02,
    3.60069389e+01, 1.91797363e+02, 4.84369125e+01, 1.91613586e+02,
    6.07432671e+01, 1.91247681e+02, 7.26415329e+01, 1.90815109e+02,
    2.41627235e+01, 2.03122498e+02, 3.68719254e+01, 2.02663605e+02,
    4.96476936e+01, 2.02153381e+02, 6.19113159e+01, 2.01727295e+02,
    7.39048615e+01, 2.01269882e+02, 2.50358601e+01, 2.14194778e+02,
    3.78792839e+01, 2.13677216e+02, 5.05986786e+01, 2.12883392e+02,
    6.30343742e+01, 2.12346619e+02, 7.51629333e+01, 2.11660034e+02,
    2.59430008e+01, 2.25665192e+02, 3.90842934e+01, 2.24621048e+02,
    5.17938042e+01, 2.23866348e+02, 6.41537399e+01, 2.23025131e+02,
    7.64622040e+01, 2.22257263e+02 ]
