%YAML:1.0
---
points: [ 2.80242493e+02, 1.75242249e+02, 2.81175507e+02, 1.84502106e+02,
    2.81919403e+02, 1.93385941e+02, 2.82976837e+02, 2.02464447e+02,
    2.83770935e+02, 2.11347351e+02, 2.73878082e+02, 1.76136154e+02,
    2.81175476e+02, 1.84502121e+02, 2.81919342e+02, 1.93385941e+02,
    2.82976776e+02, 2.02464462e+02, 2.83770874e+02, 2.11347366e+02,
    2.73877991e+02, 1.76136169e+02, 2.74738403e+02, 1.85268982e+02,
    2.75936859e+02, 1.94446411e+02, 2.76717651e+02, 2.03530060e+02,
    2.77833496e+02, 2.12613312e+02, 2.64221893e+02, 1.77268600e+02,
    2.65361023e+02, 1.86724014e+02, 2.66335541e+02, 1.95969376e+02,
    2.67429871e+02, 2.05367996e+02, 2.68465332e+02, 2.14673080e+02,
    2.57235596e+02, 1.78122589e+02, 2.58202454e+02, 1.87656281e+02,
    2.59157227e+02, 1.97254120e+02, 2.60172974e+02, 2.06690582e+02,
    2.61260468e+02, 2.16177353e+02, 2.49986557e+02, 1.78929871e+02,
    2.51122177e+02, 1.88704834e+02, 2.52065552e+02, 1.98330917e+02,
    2.53141403e+02, 2.08067856e+02, 2.54273514e+02, 2.17605667e+02,
    2.42374100e+02, 1.79850174e+02, 2.43589798e+02, 1.89678726e+02,
    2.44609375e+02, 1.99692429e+02, 2.45737213e+02, 2.09394012e+02,
    2.46868881e+02, 2.19258804e+02 ]
