%YAML:1.0
---
points: [ 1.45358826e+03, 8.43597229e+02, 1.37138147e+03, 8.25862488e+02,
    1.29572290e+03, 8.09428711e+02, 1.22576843e+03, 7.94393494e+02,
    1.16132617e+03, 7.80424805e+02, 1.46254761e+03, 7.65562134e+02,
    1.38114526e+03, 7.51185669e+02, 1.30618335e+03, 7.38376953e+02,
    1.23660181e+03, 7.25791565e+02, 1.17237891e+03, 7.14565491e+02,
    1.47146204e+03, 6.89818787e+02, 1.39056055e+03, 6.78979431e+02,
    1.31619592e+03, 6.68929565e+02, 1.24747571e+03, 6.59556641e+02,
    1.18356323e+03, 6.50577515e+02, 1.47982825e+03, 6.16509094e+02,
    1.39978809e+03, 6.08580933e+02, 1.32590955e+03, 6.01488770e+02,
    1.25761304e+03, 5.94621887e+02, 1.19427637e+03, 5.88367798e+02,
    1.48827942e+03, 5.45209351e+02, 1.40880481e+03, 5.40317688e+02,
    1.33559119e+03, 5.35711914e+02, 1.26786426e+03, 5.31473999e+02,
    1.20464783e+03, 5.27348328e+02, 1.49641260e+03, 4.75604218e+02,
    1.41770190e+03, 4.73479309e+02, 1.34496167e+03, 4.71655914e+02,
    1.27771533e+03, 4.69649872e+02, 1.21508386e+03, 4.67724487e+02,
    1.50457092e+03, 4.07565887e+02, 1.42668970e+03, 4.08297546e+02,
    1.35444775e+03, 4.08603851e+02, 1.28754541e+03, 4.09218292e+02,
    1.22532300e+03, 4.09346558e+02 ]
