%YAML:1.0
---
points: [ 2.92124420e+02, 2.06717102e+02, 2.83849121e+02, 2.07842148e+02,
    2.75399536e+02, 2.08838333e+02, 2.66768219e+02, 2.09871262e+02,
    2.58041473e+02, 2.10994217e+02, 2.90505920e+02, 1.97793442e+02,
    2.82182098e+02, 1.98759674e+02, 2.73710052e+02, 1.99800415e+02,
    2.65129333e+02, 2.00649307e+02, 2.56417694e+02, 2.01646301e+02,
    2.88830536e+02, 1.88931290e+02, 2.80507141e+02, 1.89881271e+02,
    2.72116577e+02, 1.90673462e+02, 2.63538940e+02, 1.91620178e+02,
    2.54757767e+02, 1.92436615e+02, 2.87247009e+02, 1.80136398e+02,
    2.78893066e+02, 1.80918884e+02, 2.70453583e+02, 1.81734756e+02,
    2.61956116e+02, 1.82503952e+02, 2.53165466e+02, 1.83378677e+02,
    2.85536591e+02, 1.71378403e+02, 2.77255554e+02, 1.72153732e+02,
    2.68766541e+02, 1.72875732e+02, 2.60333862e+02, 1.73561386e+02,
    2.51613297e+02, 1.74222183e+02, 2.83865204e+02, 1.62715195e+02,
    2.75611847e+02, 1.63321930e+02, 2.67287140e+02, 1.64028671e+02,
    2.58678772e+02, 1.64578979e+02, 2.49971130e+02, 1.65254807e+02,
    2.82349792e+02, 1.54002975e+02, 2.74080109e+02, 1.54552628e+02,
    2.65688995e+02, 1.55148422e+02, 2.57149475e+02, 1.55693802e+02,
    2.48443924e+02, 1.56267365e+02 ]
