%YAML:1.0
---
points: [ 3.03384979e+02, 1.85681534e+02, 3.03530396e+02, 1.92735031e+02,
    3.03718475e+02, 1.99931732e+02, 3.04016998e+02, 2.07277924e+02,
    3.03981049e+02, 2.14884781e+02, 2.94798950e+02, 1.85775131e+02,
    2.94873718e+02, 1.92825211e+02, 2.94926575e+02, 2.00018173e+02,
    2.95001373e+02, 2.07349304e+02, 2.95171326e+02, 2.14906860e+02,
    2.86313629e+02, 1.85932541e+02, 2.86322144e+02, 1.92934204e+02,
    2.86237518e+02, 2.00152100e+02, 2.86318695e+02, 2.07485718e+02,
    2.86187103e+02, 2.14944489e+02, 2.77851105e+02, 1.86007263e+02,
    2.77775696e+02, 1.92970856e+02, 2.77690948e+02, 2.00185532e+02,
    2.77549683e+02, 2.07549866e+02, 2.77441437e+02, 2.14953156e+02,
    2.69587646e+02, 1.86288391e+02, 2.69394135e+02, 1.93222809e+02,
    2.69041534e+02, 2.00393372e+02, 2.68788208e+02, 2.07664581e+02,
    2.68537384e+02, 2.14995285e+02, 2.61207367e+02, 1.86346634e+02,
    2.60884705e+02, 1.93335785e+02, 2.60601013e+02, 2.00436996e+02,
    2.60174988e+02, 2.07668091e+02, 2.59845154e+02, 2.15127167e+02,
    2.52842850e+02, 1.86450439e+02, 2.52499359e+02, 1.93359482e+02,
    2.51996429e+02, 2.00356461e+02, 2.51591156e+02, 2.07687180e+02,
    2.51036804e+02, 2.15121048e+02 ]
