%YAML:1.0
---
points: [ 7.99255554e+02, 5.22565918e+02, 7.92001587e+02, 5.71450867e+02,
    7.84317627e+02, 6.20604065e+02, 7.75904297e+02, 6.70479370e+02,
    7.68248718e+02, 7.21320984e+02, 7.58328186e+02, 5.19801331e+02,
    7.50602722e+02, 5.67530945e+02, 7.43102600e+02, 6.15942383e+02,
    7.34328247e+02, 6.64776306e+02, 7.26426880e+02, 7.14537903e+02,
    7.18489014e+02, 5.17335144e+02, 7.11007324e+02, 5.64311890e+02,
    7.02833008e+02, 6.11466248e+02, 6.94674316e+02, 6.59515808e+02,
    6.86091675e+02, 7.08251160e+02, 6.80465576e+02, 5.14639465e+02,
    6.72360840e+02, 5.60583862e+02, 6.64334412e+02, 6.07359924e+02,
    6.55715637e+02, 6.54287048e+02, 6.47303284e+02, 7.02336548e+02,
    6.43284607e+02, 5.12299927e+02, 6.35233154e+02, 5.57430237e+02,
    6.27266418e+02, 6.03138306e+02, 6.18485718e+02, 6.49429993e+02,
    6.09520874e+02, 6.96414490e+02, 6.07246521e+02, 5.09574493e+02,
    5.98930237e+02, 5.54364014e+02, 5.90816467e+02, 5.98922302e+02,
    5.82148804e+02, 6.44660095e+02, 5.73239685e+02, 6.90939758e+02,
    5.71913696e+02, 5.07281769e+02, 5.64184937e+02, 5.50776978e+02,
    5.55418030e+02, 5.95177673e+02, 5.47089172e+02, 6.39914307e+02,
    5.38114807e+02, 6.85499817e+02 ]
