%YAML:1.0
---
points: [ 3.29915863e+02, 3.82092041e+02, 3.61497620e+02, 3.81703247e+02,
    3.91653992e+02, 3.81608887e+02, 4.21538666e+02, 3.81182953e+02,
    4.50261780e+02, 3.81118073e+02, 3.33134064e+02, 4.08674133e+02,
    3.64335663e+02, 4.08011902e+02, 3.94810638e+02, 4.07599121e+02,
    4.24412842e+02, 4.06888855e+02, 4.53493561e+02, 4.06346008e+02,
    3.35848328e+02, 4.35519806e+02, 3.67282043e+02, 4.34519104e+02,
    3.97663269e+02, 4.33519806e+02, 4.27413818e+02, 4.32622925e+02,
    4.56344574e+02, 4.31663391e+02, 3.38744019e+02, 4.62296600e+02,
    3.70159180e+02, 4.60956268e+02, 4.00775604e+02, 4.59625885e+02,
    4.30237457e+02, 4.58407013e+02, 4.59447601e+02, 4.57069977e+02,
    3.41676453e+02, 4.89357330e+02, 3.73112610e+02, 4.87455536e+02,
    4.03458527e+02, 4.85851837e+02, 4.33387848e+02, 4.84202576e+02,
    4.62286774e+02, 4.82564178e+02, 3.44628479e+02, 5.16236816e+02,
    3.76207947e+02, 5.13984314e+02, 4.06568146e+02, 5.12167175e+02,
    4.36363586e+02, 5.10224609e+02, 4.65377167e+02, 5.08215363e+02,
    3.47701263e+02, 5.43414490e+02, 3.79075317e+02, 5.40651184e+02,
    4.09604492e+02, 5.38473511e+02, 4.39407928e+02, 5.36119324e+02,
    4.68401459e+02, 5.33890808e+02 ]
