%YAML:1.0
---
points: [ 2.58684967e+02, 1.57618164e+02, 2.66893585e+02, 1.57570938e+02,
    2.75338623e+02, 1.57552963e+02, 2.83693695e+02, 1.57492508e+02,
    2.92104218e+02, 1.57405945e+02, 2.58394043e+02, 1.65608704e+02,
    2.66733795e+02, 1.65519058e+02, 2.75121521e+02, 1.65516022e+02,
    2.83585480e+02, 1.65440262e+02, 2.91939362e+02, 1.65388428e+02,
    2.58125153e+02, 1.73516678e+02, 2.66607910e+02, 1.73478210e+02,
    2.74873291e+02, 1.73494949e+02, 2.83476959e+02, 1.73387131e+02,
    2.91881653e+02, 1.73392563e+02, 2.57785675e+02, 1.81590759e+02,
    2.66321991e+02, 1.81612396e+02, 2.74713165e+02, 1.81580490e+02,
    2.83303192e+02, 1.81568893e+02, 2.91814789e+02, 1.81458908e+02,
    2.57640167e+02, 1.89692032e+02, 2.66083374e+02, 1.89648773e+02,
    2.74650330e+02, 1.89698792e+02, 2.83114655e+02, 1.89692719e+02,
    2.91789032e+02, 1.89713013e+02, 2.57403198e+02, 1.97735428e+02,
    2.65849335e+02, 1.97777725e+02, 2.74452301e+02, 1.97851517e+02,
    2.82946228e+02, 1.97830261e+02, 2.91692688e+02, 1.97845993e+02,
    2.57071472e+02, 2.06041290e+02, 2.65665405e+02, 2.06001923e+02,
    2.74225922e+02, 2.06166656e+02, 2.82829041e+02, 2.06218933e+02,
    2.91594940e+02, 2.06301636e+02 ]
