%YAML:1.0
---
points: [ 2.58498169e+02, 1.54638367e+02, 2.66764038e+02, 1.54630478e+02,
    2.74906281e+02, 1.54612167e+02, 2.83341431e+02, 1.54623856e+02,
    2.91707001e+02, 1.54619858e+02, 2.58395782e+02, 1.62958084e+02,
    2.66748047e+02, 1.62968033e+02, 2.74875671e+02, 1.62930801e+02,
    2.83188568e+02, 1.62897018e+02, 2.91602722e+02, 1.62884567e+02,
    2.58386200e+02, 1.71193848e+02, 2.66653015e+02, 1.71191406e+02,
    2.74816376e+02, 1.71212128e+02, 2.83154114e+02, 1.71204346e+02,
    2.91597809e+02, 1.71169922e+02, 2.58285187e+02, 1.79489563e+02,
    2.66670685e+02, 1.79503815e+02, 2.74761414e+02, 1.79437225e+02,
    2.83124969e+02, 1.79508453e+02, 2.91514221e+02, 1.79434204e+02,
    2.58257080e+02, 1.87707611e+02, 2.66582184e+02, 1.87707352e+02,
    2.74784454e+02, 1.87710205e+02, 2.83057922e+02, 1.87708679e+02,
    2.91449158e+02, 1.87718872e+02, 2.58182190e+02, 1.95832520e+02,
    2.66580139e+02, 1.95911743e+02, 2.74735687e+02, 1.95903778e+02,
    2.82950928e+02, 1.95912613e+02, 2.91360718e+02, 1.95920059e+02,
    2.58084290e+02, 2.04064941e+02, 2.66402069e+02, 2.04071579e+02,
    2.74676239e+02, 2.04175095e+02, 2.82908844e+02, 2.04220139e+02,
    2.91354736e+02, 2.04294647e+02 ]
