%YAML:1.0
---
points: [ 3.32777832e+02, 2.03482361e+02, 3.24672485e+02, 2.03730911e+02,
    3.16507202e+02, 2.03919128e+02, 3.08276550e+02, 2.04226501e+02,
    3.00013519e+02, 2.04471573e+02, 3.32246246e+02, 1.94964050e+02,
    3.24175262e+02, 1.95272934e+02, 3.15975769e+02, 1.95538635e+02,
    3.07815002e+02, 1.95753876e+02, 2.99591187e+02, 1.95921127e+02,
    3.31713043e+02, 1.86699936e+02, 3.23643372e+02, 1.86868454e+02,
    3.15425598e+02, 1.87033783e+02, 3.07305267e+02, 1.87276230e+02,
    2.99118835e+02, 1.87510590e+02, 3.31231110e+02, 1.78380966e+02,
    3.23121796e+02, 1.78556671e+02, 3.15045929e+02, 1.78703079e+02,
    3.06841064e+02, 1.78782440e+02, 2.98622467e+02, 1.78986008e+02,
    3.30628815e+02, 1.69970123e+02, 3.22610870e+02, 1.70170410e+02,
    3.14450745e+02, 1.70340836e+02, 3.06305420e+02, 1.70497543e+02,
    2.98145935e+02, 1.70571335e+02, 3.30152924e+02, 1.61772644e+02,
    3.22118774e+02, 1.61832260e+02, 3.14000366e+02, 1.61984573e+02,
    3.05881256e+02, 1.62089020e+02, 2.97687286e+02, 1.62152985e+02,
    3.29691010e+02, 1.53567139e+02, 3.21648285e+02, 1.53626480e+02,
    3.13575378e+02, 1.53658844e+02, 3.05421082e+02, 1.53695572e+02,
    2.97132324e+02, 1.53690842e+02 ]
