%YAML:1.0
---
points: [ 4.52926758e+02, 4.72862335e+02, 4.57025421e+02, 4.95179474e+02,
    4.60953949e+02, 5.17829224e+02, 4.65237701e+02, 5.40518860e+02,
    4.69408997e+02, 5.64258545e+02, 4.23704285e+02, 4.74322906e+02,
    4.27554779e+02, 4.96825897e+02, 4.31431091e+02, 5.19715515e+02,
    4.35356354e+02, 5.43003418e+02, 4.39262115e+02, 5.66834900e+02,
    3.93693604e+02, 4.75729401e+02, 3.97350555e+02, 4.98604492e+02,
    4.01068848e+02, 5.21885864e+02, 4.04637848e+02, 5.45528259e+02,
    4.08358612e+02, 5.69717407e+02, 3.63134644e+02, 4.77000092e+02,
    3.66291229e+02, 5.00081146e+02, 3.69855164e+02, 5.23902344e+02,
    3.73227264e+02, 5.47931519e+02, 3.76517761e+02, 5.72504700e+02,
    3.31497559e+02, 4.78510529e+02, 3.34527130e+02, 5.02231567e+02,
    3.37610626e+02, 5.26251038e+02, 3.40565308e+02, 5.50592651e+02,
    3.43786163e+02, 5.75552551e+02, 2.99171844e+02, 4.79957489e+02,
    3.01846130e+02, 5.03978058e+02, 3.04554047e+02, 5.28380859e+02,
    3.07308899e+02, 5.53348755e+02, 3.10182953e+02, 5.78480103e+02,
    2.65732605e+02, 4.81275726e+02, 2.68321625e+02, 5.05597382e+02,
    2.70570770e+02, 5.30331238e+02, 2.72895203e+02, 5.55702087e+02,
    2.75440704e+02, 5.81678711e+02 ]
