%YAML:1.0
---
points: [ 2.50359283e+02, 2.05138046e+02, 2.43021454e+02, 2.04654099e+02,
    2.35928604e+02, 2.04285263e+02, 2.28651749e+02, 2.03782181e+02,
    2.22232071e+02, 2.03439941e+02, 2.51401062e+02, 1.96592072e+02,
    2.44151550e+02, 1.96409943e+02, 2.37003937e+02, 1.96049194e+02,
    2.29634262e+02, 1.95737961e+02, 2.23167099e+02, 1.95359863e+02,
    2.52562576e+02, 1.88319473e+02, 2.45219391e+02, 1.88062210e+02,
    2.38029266e+02, 1.87871689e+02, 2.31044479e+02, 1.87595657e+02,
    2.24265656e+02, 1.87462601e+02, 2.53497070e+02, 1.79879807e+02,
    2.46200394e+02, 1.79779358e+02, 2.38973190e+02, 1.79680130e+02,
    2.31869522e+02, 1.79587387e+02, 2.25179825e+02, 1.79426575e+02,
    2.54595810e+02, 1.71641174e+02, 2.47255707e+02, 1.71610565e+02,
    2.40111526e+02, 1.71633163e+02, 2.33154938e+02, 1.71516296e+02,
    2.26408813e+02, 1.71510422e+02, 2.55575439e+02, 1.63373169e+02,
    2.48259827e+02, 1.63445129e+02, 2.41152359e+02, 1.63483459e+02,
    2.34128647e+02, 1.63569244e+02, 2.27166519e+02, 1.63555740e+02,
    2.56541809e+02, 1.55172714e+02, 2.49257278e+02, 1.55290543e+02,
    2.42055267e+02, 1.55406830e+02, 2.35149368e+02, 1.55536667e+02,
    2.28443527e+02, 1.55619720e+02 ]
