%YAML:1.0
---
points: [ 5.78480042e+02, 5.22007629e+02, 5.57458496e+02, 5.26336914e+02,
    5.35903137e+02, 5.30810242e+02, 5.13385559e+02, 5.35467285e+02,
    4.89859772e+02, 5.40506775e+02, 5.70639282e+02, 4.98363190e+02,
    5.49565308e+02, 5.02283600e+02, 5.27669556e+02, 5.06438416e+02,
    5.05112732e+02, 5.10472931e+02, 4.81143219e+02, 5.14827759e+02,
    5.63149841e+02, 4.74573669e+02, 5.41623840e+02, 4.78074371e+02,
    5.19501465e+02, 4.81672394e+02, 4.96685120e+02, 4.85584869e+02,
    4.72709137e+02, 4.89527710e+02, 5.55473450e+02, 4.50827423e+02,
    5.33844788e+02, 4.53820679e+02, 5.11820160e+02, 4.57184143e+02,
    4.88578613e+02, 4.60433014e+02, 4.64558350e+02, 4.63769989e+02,
    5.47688354e+02, 4.27237579e+02, 5.25875671e+02, 4.29710510e+02,
    5.03438721e+02, 4.32373932e+02, 4.80006226e+02, 4.35173615e+02,
    4.55677002e+02, 4.38181549e+02, 5.40198608e+02, 4.03475189e+02,
    5.18245300e+02, 4.05383118e+02, 4.95474243e+02, 4.07661743e+02,
    4.71686523e+02, 4.09732056e+02, 4.47535431e+02, 4.12044067e+02,
    5.32244202e+02, 3.79565491e+02, 5.10430206e+02, 3.80873749e+02,
    4.87322021e+02, 3.82583679e+02, 4.63643646e+02, 3.84278290e+02,
    4.38962891e+02, 3.86171875e+02 ]
