%YAML:1.0
---
points: [ 2.64281097e+02, 4.52910034e+02, 2.68515839e+02, 4.78207550e+02,
    2.72872925e+02, 5.03142059e+02, 2.77452728e+02, 5.28246399e+02,
    2.81392212e+02, 5.53201965e+02, 2.43414047e+02, 4.54109314e+02,
    2.47756393e+02, 4.79759827e+02, 2.52184021e+02, 5.05589813e+02,
    2.56934418e+02, 5.31083801e+02, 2.61256378e+02, 5.56542908e+02,
    2.21331070e+02, 4.55235321e+02, 2.26093689e+02, 4.81567474e+02,
    2.30698776e+02, 5.07916077e+02, 2.35342148e+02, 5.34096191e+02,
    2.40272034e+02, 5.60276978e+02, 1.98379776e+02, 4.56500702e+02,
    2.03500610e+02, 4.83476166e+02, 2.08189621e+02, 5.10617004e+02,
    2.13298477e+02, 5.37333679e+02, 2.18180237e+02, 5.64179810e+02,
    1.74699203e+02, 4.57736359e+02, 1.79780807e+02, 4.85599762e+02,
    1.84588089e+02, 5.13302795e+02, 1.89701019e+02, 5.40618042e+02,
    1.94776596e+02, 5.68214600e+02, 1.49903778e+02, 4.59267090e+02,
    1.55186996e+02, 4.87729797e+02, 1.60131805e+02, 5.16027283e+02,
    1.65341736e+02, 5.44464783e+02, 1.70555099e+02, 5.72380920e+02,
    1.23541618e+02, 4.60517578e+02, 1.29126968e+02, 4.90063019e+02,
    1.34370178e+02, 5.19234924e+02, 1.39499481e+02, 5.48104431e+02,
    1.44691177e+02, 5.76691956e+02 ]
