%YAML:1.0
---
points: [ 5.38736572e+02, 4.42247192e+02, 5.41783936e+02, 4.66919525e+02,
    5.44918640e+02, 4.91481720e+02, 5.48358704e+02, 5.15858459e+02,
    5.50772217e+02, 5.40169067e+02, 5.22284607e+02, 4.44354736e+02,
    5.25273865e+02, 4.69756042e+02, 5.28178772e+02, 4.94811066e+02,
    5.32031250e+02, 5.19534485e+02, 5.34812866e+02, 5.44571594e+02,
    5.04384918e+02, 4.46515381e+02, 5.07639160e+02, 4.72495758e+02,
    5.11398193e+02, 4.98197784e+02, 5.14479614e+02, 5.23766418e+02,
    5.18122375e+02, 5.49166260e+02, 4.86400452e+02, 4.49222809e+02,
    4.90180969e+02, 4.75591125e+02, 4.93432251e+02, 5.01967499e+02,
    4.96921997e+02, 5.28019836e+02, 5.00459198e+02, 5.53745850e+02,
    4.67014862e+02, 4.51432129e+02, 4.70605957e+02, 4.78718292e+02,
    4.74410492e+02, 5.05683380e+02, 4.77922272e+02, 5.32464050e+02,
    4.81608337e+02, 5.59081360e+02, 4.47195496e+02, 4.54292725e+02,
    4.50706055e+02, 4.82058350e+02, 4.54539825e+02, 5.09635040e+02,
    4.58523590e+02, 5.37079651e+02, 4.62271179e+02, 5.64278137e+02,
    4.26196777e+02, 4.56919037e+02, 4.30015717e+02, 4.85611664e+02,
    4.34090363e+02, 5.13741394e+02, 4.37832397e+02, 5.41866577e+02,
    4.41656372e+02, 5.69979614e+02 ]
