%YAML:1.0
---
points: [ 3.39135956e+02, 1.77686905e+02, 3.39579102e+02, 1.85838333e+02,
    3.40082977e+02, 1.94239670e+02, 3.40709137e+02, 2.02521622e+02,
    3.41039459e+02, 2.10832397e+02, 3.31787811e+02, 1.77554733e+02,
    3.32260193e+02, 1.85800842e+02, 3.32739563e+02, 1.94059479e+02,
    3.33324524e+02, 2.02564560e+02, 3.33817261e+02, 2.10836960e+02,
    3.24358490e+02, 1.77361649e+02, 3.24920227e+02, 1.85666656e+02,
    3.25313202e+02, 1.94077667e+02, 3.25879028e+02, 2.02422302e+02,
    3.26342072e+02, 2.10894928e+02, 3.16952972e+02, 1.77071304e+02,
    3.17381165e+02, 1.85593567e+02, 3.17860291e+02, 1.93904327e+02,
    3.18356140e+02, 2.02463989e+02, 3.18885742e+02, 2.10899109e+02,
    3.09299164e+02, 1.76971603e+02, 3.09837067e+02, 1.85470261e+02,
    3.10239563e+02, 1.93863495e+02, 3.10742157e+02, 2.02465881e+02,
    3.11189606e+02, 2.11026886e+02, 3.01692352e+02, 1.76674942e+02,
    3.02123138e+02, 1.85311615e+02, 3.02555084e+02, 1.93806534e+02,
    3.03012726e+02, 2.02498154e+02, 3.03440979e+02, 2.11035721e+02,
    2.93879700e+02, 1.76578461e+02, 2.94313477e+02, 1.85180634e+02,
    2.94793274e+02, 1.93769867e+02, 2.95179077e+02, 2.02439682e+02,
    2.95513062e+02, 2.11160767e+02 ]
