%YAML:1.0
---
points: [ 4.09745453e+02, 4.43488220e+02, 4.12941132e+02, 4.67401611e+02,
    4.16196198e+02, 4.91339935e+02, 4.18839172e+02, 5.15360718e+02,
    4.22225677e+02, 5.39154541e+02, 3.82408600e+02, 4.45280029e+02,
    3.85722168e+02, 4.69459656e+02, 3.88663849e+02, 4.93589355e+02,
    3.91831787e+02, 5.17698486e+02, 3.95092804e+02, 5.41811340e+02,
    3.54699646e+02, 4.47054260e+02, 3.57981873e+02, 4.71515137e+02,
    3.60960693e+02, 4.95924591e+02, 3.64341278e+02, 5.20272766e+02,
    3.67389526e+02, 5.44634277e+02, 3.26503326e+02, 4.49124786e+02,
    3.29584473e+02, 4.73560883e+02, 3.32857178e+02, 4.98405365e+02,
    3.35908234e+02, 5.22956116e+02, 3.39111572e+02, 5.47562073e+02,
    2.97628540e+02, 4.50808136e+02, 3.00847778e+02, 4.75905334e+02,
    3.03970398e+02, 5.00871460e+02, 3.07306152e+02, 5.25557922e+02,
    3.10386383e+02, 5.50433899e+02, 2.68313660e+02, 4.52795074e+02,
    2.71453674e+02, 4.78084595e+02, 2.74783508e+02, 5.03303162e+02,
    2.78151825e+02, 5.28439697e+02, 2.81162476e+02, 5.53517029e+02,
    2.38277740e+02, 4.54817139e+02, 2.41643311e+02, 4.80464661e+02,
    2.44755997e+02, 5.05852234e+02, 2.48245224e+02, 5.31143494e+02,
    2.51306885e+02, 5.56524414e+02 ]
