%YAML:1.0
---
points: [ 3.74491272e+02, 4.54311249e+02, 3.75358002e+02, 4.82346344e+02,
    3.76145508e+02, 5.10429260e+02, 3.76502869e+02, 5.38532532e+02,
    3.77499176e+02, 5.66503235e+02, 3.44494904e+02, 4.54573456e+02,
    3.45497864e+02, 4.82635345e+02, 3.46400818e+02, 5.11031769e+02,
    3.46833618e+02, 5.38955017e+02, 3.47702759e+02, 5.67120972e+02,
    3.14474792e+02, 4.54719940e+02, 3.15639282e+02, 4.82991058e+02,
    3.16369934e+02, 5.11479156e+02, 3.17128571e+02, 5.39593323e+02,
    3.17845795e+02, 5.67743896e+02, 2.84366180e+02, 4.55005280e+02,
    2.85256042e+02, 4.83481232e+02, 2.86116882e+02, 5.11923035e+02,
    2.86864258e+02, 5.40218018e+02, 2.87517670e+02, 5.68574158e+02,
    2.54341629e+02, 4.55460510e+02, 2.55126373e+02, 4.83991486e+02,
    2.55916809e+02, 5.12458984e+02, 2.56731750e+02, 5.40704895e+02,
    2.57436615e+02, 5.69346985e+02, 2.23772949e+02, 4.55700562e+02,
    2.24739731e+02, 4.84465698e+02, 2.25638016e+02, 5.13008423e+02,
    2.26580566e+02, 5.41410767e+02, 2.27254044e+02, 5.69897705e+02,
    1.93291275e+02, 4.56199646e+02, 1.94282822e+02, 4.84784210e+02,
    1.95181076e+02, 5.13446167e+02, 1.95983444e+02, 5.41906006e+02,
    1.96595795e+02, 5.70602295e+02 ]
