%YAML:1.0
---
points: [ 7.17117462e+01, 1.80722641e+02, 7.18804016e+01, 1.90762863e+02,
    7.21312866e+01, 2.00390488e+02, 7.24914169e+01, 2.10067780e+02,
    7.27012482e+01, 2.19753693e+02, 6.16026382e+01, 1.80974228e+02,
    6.18037109e+01, 1.90767822e+02, 6.21092415e+01, 2.00673859e+02,
    6.24378967e+01, 2.10251617e+02, 6.27438278e+01, 2.20027161e+02,
    5.16208458e+01, 1.81243713e+02, 5.17988167e+01, 1.90951706e+02,
    5.21463165e+01, 2.00721436e+02, 5.25066185e+01, 2.10654617e+02,
    5.27006149e+01, 2.20310150e+02, 4.16826630e+01, 1.81664062e+02,
    4.18170280e+01, 1.91179672e+02, 4.21845055e+01, 2.00955841e+02,
    4.25655632e+01, 2.10726822e+02, 4.27559166e+01, 2.20715195e+02,
    3.17413559e+01, 1.81678436e+02, 3.19428997e+01, 1.91609787e+02,
    3.24416428e+01, 2.01165527e+02, 3.26578979e+01, 2.10961243e+02,
    3.28395081e+01, 2.20735367e+02, 2.21115055e+01, 1.81912064e+02,
    2.24198055e+01, 1.91673187e+02, 2.26539078e+01, 2.01636597e+02,
    2.28442650e+01, 2.11193542e+02, 2.31782284e+01, 2.21052582e+02,
    1.25020037e+01, 1.82012100e+02, 1.27746658e+01, 1.91918015e+02,
    1.29120283e+01, 2.01635162e+02, 1.32459784e+01, 2.11667725e+02,
    1.35704632e+01, 2.21226227e+02 ]
