%YAML:1.0
---
points: [ 1.76070654e+03, 4.58464203e+02, 1.76177869e+03, 4.88947876e+02,
    1.76293689e+03, 5.19487488e+02, 1.76390967e+03, 5.50094238e+02,
    1.76470483e+03, 5.80769836e+02, 1.72658521e+03, 4.59062103e+02,
    1.72736609e+03, 4.89283356e+02, 1.72830359e+03, 5.19726868e+02,
    1.72953296e+03, 5.50151062e+02, 1.73049451e+03, 5.80643250e+02,
    1.69222314e+03, 4.59581238e+02, 1.69329785e+03, 4.89742523e+02,
    1.69437244e+03, 5.19803040e+02, 1.69529639e+03, 5.50182190e+02,
    1.69621216e+03, 5.80559448e+02, 1.65859460e+03, 4.60240906e+02,
    1.65963989e+03, 4.90218048e+02, 1.66052283e+03, 5.20098022e+02,
    1.66139636e+03, 5.50204224e+02, 1.66251172e+03, 5.80551697e+02,
    1.62545947e+03, 4.60698181e+02, 1.62622742e+03, 4.90610474e+02,
    1.62703870e+03, 5.20482422e+02, 1.62764380e+03, 5.50329468e+02,
    1.62858740e+03, 5.80397583e+02, 1.59241663e+03, 4.61334991e+02,
    1.59318970e+03, 4.91149109e+02, 1.59397009e+03, 5.20579102e+02,
    1.59472046e+03, 5.50426636e+02, 1.59549585e+03, 5.80247803e+02,
    1.55976282e+03, 4.61924622e+02, 1.56036487e+03, 4.91470215e+02,
    1.56112085e+03, 5.20971436e+02, 1.56170618e+03, 5.50339417e+02,
    1.56235498e+03, 5.80060059e+02 ]
