%YAML:1.0
---
points: [ 4.55674713e+02, 2.16138412e+02, 4.44350586e+02, 2.15674774e+02,
    4.33259155e+02, 2.14903137e+02, 4.22321716e+02, 2.14470520e+02,
    4.11390076e+02, 2.12925598e+02, 4.55765869e+02, 2.06988174e+02,
    4.44757660e+02, 2.06676666e+02, 4.33817627e+02, 2.06090042e+02,
    4.22924500e+02, 2.05573425e+02, 4.11892975e+02, 2.05873474e+02,
    4.55982819e+02, 1.97902252e+02, 4.45111816e+02, 1.97712616e+02,
    4.34260010e+02, 1.97315414e+02, 4.23619720e+02, 1.96872284e+02,
    4.13105133e+02, 1.96618668e+02, 4.56331268e+02, 1.89265823e+02,
    4.45589203e+02, 1.88829758e+02, 4.34709961e+02, 1.88691864e+02,
    4.24185211e+02, 1.88394562e+02, 4.13815216e+02, 1.88129013e+02,
    4.56630310e+02, 1.80574707e+02, 4.45833191e+02, 1.80566345e+02,
    4.35216461e+02, 1.80275269e+02, 4.24770294e+02, 1.79963669e+02,
    4.14382629e+02, 1.79729599e+02, 4.56841522e+02, 1.72159210e+02,
    4.46186920e+02, 1.71955963e+02, 4.35637329e+02, 1.71867981e+02,
    4.25317505e+02, 1.71769241e+02, 4.15076202e+02, 1.71766296e+02,
    4.57031860e+02, 1.63724075e+02, 4.46541962e+02, 1.63819977e+02,
    4.36072479e+02, 1.63739777e+02, 4.25798401e+02, 1.63795563e+02,
    4.15758942e+02, 1.63732941e+02 ]
