%YAML:1.0
---
points: [ 1.62027490e+03, 4.60344666e+02, 1.61553992e+03, 4.90698761e+02,
    1.61082922e+03, 5.20690247e+02, 1.60601440e+03, 5.50667847e+02,
    1.60126465e+03, 5.80817322e+02, 1.58749353e+03, 4.58933502e+02,
    1.58325269e+03, 4.88583374e+02, 1.57850964e+03, 5.18045227e+02,
    1.57379895e+03, 5.47447815e+02, 1.56934680e+03, 5.76590027e+02,
    1.55654395e+03, 4.57566681e+02, 1.55209692e+03, 4.86560822e+02,
    1.54777637e+03, 5.15493652e+02, 1.54307788e+03, 5.44209290e+02,
    1.53845691e+03, 5.72674805e+02, 1.52661108e+03, 4.56512787e+02,
    1.52230872e+03, 4.84596375e+02, 1.51778577e+03, 5.12787781e+02,
    1.51339758e+03, 5.40796143e+02, 1.50896204e+03, 5.69082092e+02,
    1.49803638e+03, 4.55296661e+02, 1.49376587e+03, 4.82951691e+02,
    1.48963379e+03, 5.10597290e+02, 1.48524548e+03, 5.38089478e+02,
    1.48060339e+03, 5.65455994e+02, 1.47046936e+03, 4.54098633e+02,
    1.46635925e+03, 4.81480225e+02, 1.46213611e+03, 5.08308746e+02,
    1.45819666e+03, 5.35338379e+02, 1.45370850e+03, 5.61893738e+02,
    1.44400427e+03, 4.53403503e+02, 1.43983008e+03, 4.79619354e+02,
    1.43599866e+03, 5.06133362e+02, 1.43168286e+03, 5.32471497e+02,
    1.42764722e+03, 5.58755249e+02 ]
