%YAML:1.0
---
points: [ 4.15766571e+02, 1.63761902e+02, 4.25794830e+02, 1.63782928e+02,
    4.36043793e+02, 1.63716187e+02, 4.46532928e+02, 1.63816650e+02,
    4.57065887e+02, 1.63747742e+02, 4.15104187e+02, 1.71741409e+02,
    4.25299713e+02, 1.71773315e+02, 4.35617493e+02, 1.71875610e+02,
    4.46194763e+02, 1.71956451e+02, 4.56837128e+02, 1.72157700e+02,
    4.14402313e+02, 1.79753082e+02, 4.24738251e+02, 1.80012085e+02,
    4.35234131e+02, 1.80260330e+02, 4.45835205e+02, 1.80551666e+02,
    4.56626038e+02, 1.80595627e+02, 4.13784668e+02, 1.88149979e+02,
    4.24165466e+02, 1.88411102e+02, 4.34709076e+02, 1.88705063e+02,
    4.45590942e+02, 1.88860565e+02, 4.56347931e+02, 1.89281281e+02,
    4.13102112e+02, 1.96613968e+02, 4.23617188e+02, 1.96886139e+02,
    4.34269287e+02, 1.97328156e+02, 4.45091248e+02, 1.97725784e+02,
    4.56018036e+02, 1.97876862e+02, 4.11846436e+02, 2.06031296e+02,
    4.22933685e+02, 2.05591110e+02, 4.33816742e+02, 2.06076111e+02,
    4.44758942e+02, 2.06665771e+02, 4.55791412e+02, 2.07005722e+02,
    4.11430908e+02, 2.12919632e+02, 4.22330780e+02, 2.14456711e+02,
    4.33240570e+02, 2.14907410e+02, 4.44348328e+02, 2.15669022e+02,
    4.55661133e+02, 2.16114792e+02 ]
