%YAML:1.0
---
points: [ 1.72906470e+03, 5.14160095e+02, 1.73444971e+03, 5.67552368e+02,
    1.73990454e+03, 6.21228638e+02, 1.74632910e+03, 6.75254517e+02,
    1.75116943e+03, 7.29467590e+02, 1.67926868e+03, 5.17371277e+02,
    1.68433887e+03, 5.70835693e+02, 1.68962268e+03, 6.24646240e+02,
    1.69571167e+03, 6.78887268e+02, 1.70117200e+03, 7.33619873e+02,
    1.62783545e+03, 5.20248230e+02, 1.63340283e+03, 5.74295593e+02,
    1.63885339e+03, 6.28290588e+02, 1.64443958e+03, 6.82595154e+02,
    1.65026624e+03, 7.37643555e+02, 1.57652698e+03, 5.23586670e+02,
    1.58219910e+03, 5.77455139e+02, 1.58767102e+03, 6.31934570e+02,
    1.59331787e+03, 6.86517639e+02, 1.59883984e+03, 7.41692871e+02,
    1.52511963e+03, 5.26724182e+02, 1.53035632e+03, 5.80987305e+02,
    1.53550476e+03, 6.35422119e+02, 1.54108655e+03, 6.90433899e+02,
    1.54648267e+03, 7.45669739e+02, 1.47328027e+03, 5.29765076e+02,
    1.47832385e+03, 5.84243164e+02, 1.48336304e+03, 6.39146301e+02,
    1.48852722e+03, 6.94123230e+02, 1.49390613e+03, 7.49690613e+02,
    1.42074854e+03, 5.33020752e+02, 1.42571411e+03, 5.87622437e+02,
    1.43052136e+03, 6.42693237e+02, 1.43553308e+03, 6.97701416e+02,
    1.44059961e+03, 7.53774231e+02 ]
