%YAML:1.0
---
points: [ 4.33487030e+02, 1.79779205e+02, 4.31179962e+02, 1.89231125e+02,
    4.28723267e+02, 1.98769257e+02, 4.26365143e+02, 2.08203918e+02,
    4.23939911e+02, 2.17791214e+02, 4.24118958e+02, 1.79137207e+02,
    4.21808899e+02, 1.88521622e+02, 4.19488922e+02, 1.97719391e+02,
    4.17082062e+02, 2.07116409e+02, 4.14849030e+02, 2.16339050e+02,
    4.15086395e+02, 1.78620636e+02, 4.12812653e+02, 1.87699203e+02,
    4.10514587e+02, 1.96810608e+02, 4.08642517e+02, 2.06580399e+02,
    4.06145264e+02, 2.14844650e+02, 4.06339905e+02, 1.77932983e+02,
    4.04106384e+02, 1.86838608e+02, 4.01872192e+02, 1.95775833e+02,
    3.99531158e+02, 2.04766037e+02, 3.97328613e+02, 2.13892059e+02,
    3.98022949e+02, 1.77504639e+02, 3.95805481e+02, 1.86232529e+02,
    3.93535278e+02, 1.94958984e+02, 3.91330292e+02, 2.03736160e+02,
    3.89132050e+02, 2.12533997e+02, 3.89916626e+02, 1.76912445e+02,
    3.87678070e+02, 1.85495834e+02, 3.85607880e+02, 1.94099960e+02,
    3.83312378e+02, 2.02657379e+02, 3.81153809e+02, 2.11316574e+02,
    3.82185944e+02, 1.76516861e+02, 3.79911957e+02, 1.84831512e+02,
    3.77805450e+02, 1.93256226e+02, 3.75690216e+02, 2.01631073e+02,
    3.73342041e+02, 2.10126266e+02 ]
