%YAML:1.0
---
points: [ 4.76528168e+02, 1.89672913e+02, 4.75494263e+02, 2.01826477e+02,
    4.74268555e+02, 2.14751404e+02, 4.73070770e+02, 2.27274887e+02,
    4.71775116e+02, 2.40466064e+02, 4.62393311e+02, 1.88838333e+02,
    4.61110535e+02, 2.01257050e+02, 4.59910675e+02, 2.13661255e+02,
    4.58543427e+02, 2.26213486e+02, 4.57164764e+02, 2.38804520e+02,
    4.48398254e+02, 1.88611313e+02, 4.47249817e+02, 2.00583130e+02,
    4.45848419e+02, 2.12742691e+02, 4.44467499e+02, 2.24928177e+02,
    4.43130005e+02, 2.37462585e+02, 4.34957825e+02, 1.87826508e+02,
    4.33476196e+02, 1.99730179e+02, 4.32207733e+02, 2.11735916e+02,
    4.30837250e+02, 2.23743011e+02, 4.29348785e+02, 2.36105148e+02,
    4.21768585e+02, 1.87619858e+02, 4.20354919e+02, 1.99075760e+02,
    4.18842682e+02, 2.10847015e+02, 4.17343079e+02, 2.22723770e+02,
    4.15817657e+02, 2.34777985e+02, 4.09063995e+02, 1.86984848e+02,
    4.07514191e+02, 1.98595978e+02, 4.06081024e+02, 2.09913940e+02,
    4.04477936e+02, 2.21687576e+02, 4.02907074e+02, 2.33426605e+02,
    3.96607605e+02, 1.86649017e+02, 3.95112610e+02, 1.97769547e+02,
    3.93582672e+02, 2.09125504e+02, 3.91923157e+02, 2.20605133e+02,
    3.90235321e+02, 2.32160370e+02 ]
