%YAML:1.0
---
points: [ 3.81390656e+02, 1.53945038e+02, 3.89536560e+02, 1.54255920e+02,
    3.97932800e+02, 1.54575287e+02, 4.06620819e+02, 1.54725769e+02,
    4.15711212e+02, 1.54863968e+02, 3.79290253e+02, 1.62387100e+02,
    3.87453094e+02, 1.62714493e+02, 3.95911743e+02, 1.63017441e+02,
    4.04546844e+02, 1.63604507e+02, 4.13493896e+02, 1.63827087e+02,
    3.77243408e+02, 1.70680969e+02, 3.85401245e+02, 1.71249130e+02,
    3.93738007e+02, 1.71727127e+02, 4.02412445e+02, 1.72280548e+02,
    4.11392212e+02, 1.72807236e+02, 3.75118378e+02, 1.79021851e+02,
    3.83224579e+02, 1.79661591e+02, 3.91516907e+02, 1.80389282e+02,
    4.00296112e+02, 1.81009476e+02, 4.09145569e+02, 1.81752930e+02,
    3.73064423e+02, 1.87367050e+02, 3.81196106e+02, 1.88256149e+02,
    3.89480865e+02, 1.89044067e+02, 3.98100464e+02, 1.89910629e+02,
    4.07027832e+02, 1.90773071e+02, 3.70920898e+02, 1.95720047e+02,
    3.79006378e+02, 1.96747528e+02, 3.87278351e+02, 1.97748871e+02,
    3.95957275e+02, 1.98766113e+02, 4.04770142e+02, 1.99811508e+02,
    3.68865906e+02, 2.04158188e+02, 3.76791260e+02, 2.05183807e+02,
    3.85172607e+02, 2.06428131e+02, 3.93621429e+02, 2.07653412e+02,
    4.02641388e+02, 2.08882950e+02 ]
