%YAML:1.0
---
points: [ 1.53924097e+03, 5.43413086e+02, 1.51436572e+03, 5.39478943e+02,
    1.49066333e+03, 5.35413025e+02, 1.46801807e+03, 5.32141052e+02,
    1.44580396e+03, 5.28601807e+02, 1.54309399e+03, 5.16244507e+02,
    1.51798364e+03, 5.12669373e+02, 1.49431628e+03, 5.09617584e+02,
    1.47130151e+03, 5.06597260e+02, 1.44933643e+03, 5.03596283e+02,
    1.54675989e+03, 4.88721313e+02, 1.52183154e+03, 4.86308075e+02,
    1.49760376e+03, 4.83420654e+02, 1.47463062e+03, 4.81224579e+02,
    1.45261523e+03, 4.78656647e+02, 1.55056335e+03, 4.61377777e+02,
    1.52509753e+03, 4.59254395e+02, 1.50115247e+03, 4.57383270e+02,
    1.47778711e+03, 4.55431091e+02, 1.45590393e+03, 4.53748230e+02,
    1.55435498e+03, 4.33570343e+02, 1.52901477e+03, 4.32418457e+02,
    1.50457336e+03, 4.30740875e+02, 1.48137073e+03, 4.29650574e+02,
    1.45910779e+03, 4.28522675e+02, 1.55837903e+03, 4.05724182e+02,
    1.53252771e+03, 4.04867706e+02, 1.50837732e+03, 4.04290741e+02,
    1.48468616e+03, 4.03412323e+02, 1.46230115e+03, 4.03082031e+02,
    1.56226282e+03, 3.77696594e+02, 1.53631580e+03, 3.77518494e+02,
    1.51170935e+03, 3.77386261e+02, 1.48829492e+03, 3.77346802e+02,
    1.46550708e+03, 3.77267548e+02 ]
