%YAML:1.0
---
points: [ 3.85079590e+02, 2.46392166e+02, 3.68435913e+02, 2.44974091e+02,
    3.52613586e+02, 2.43600174e+02, 3.37259827e+02, 2.42206223e+02,
    3.22370056e+02, 2.40938950e+02, 3.85931519e+02, 2.30688049e+02,
    3.69352600e+02, 2.29437622e+02, 3.53527588e+02, 2.28332855e+02,
    3.38236237e+02, 2.27331482e+02, 3.23330292e+02, 2.26271469e+02,
    3.86731445e+02, 2.14895050e+02, 3.70311798e+02, 2.14103104e+02,
    3.54435272e+02, 2.13345123e+02, 3.39127686e+02, 2.12480667e+02,
    3.24310852e+02, 2.11842224e+02, 3.87593689e+02, 1.99297028e+02,
    3.71136688e+02, 1.98766205e+02, 3.55275452e+02, 1.98286514e+02,
    3.40004547e+02, 1.97779419e+02, 3.25215393e+02, 1.97341141e+02,
    3.88284149e+02, 1.83762024e+02, 3.72041107e+02, 1.83630219e+02,
    3.56196289e+02, 1.83336166e+02, 3.41032379e+02, 1.83168900e+02,
    3.26169861e+02, 1.83016052e+02, 3.89339905e+02, 1.68545288e+02,
    3.73013855e+02, 1.68315247e+02, 3.57205170e+02, 1.68462204e+02,
    3.41963257e+02, 1.68446167e+02, 3.27130615e+02, 1.68443314e+02,
    3.90285400e+02, 1.53006226e+02, 3.73907257e+02, 1.53267807e+02,
    3.58150665e+02, 1.53555573e+02, 3.42933228e+02, 1.53843338e+02,
    3.28180389e+02, 1.54223038e+02 ]
