%YAML:1.0
---
points: [ 1.58182861e+03, 4.74266846e+02, 1.58272046e+03, 5.13190552e+02,
    1.58367578e+03, 5.51758911e+02, 1.58521338e+03, 5.90671204e+02,
    1.58557300e+03, 6.29376343e+02, 1.54281067e+03, 4.75730072e+02,
    1.54361511e+03, 5.14467163e+02, 1.54437195e+03, 5.53396362e+02,
    1.54581433e+03, 5.91957275e+02, 1.54691504e+03, 6.30659546e+02,
    1.50328455e+03, 4.77290100e+02, 1.50444312e+03, 5.16072510e+02,
    1.50549683e+03, 5.54660950e+02, 1.50647168e+03, 5.93333801e+02,
    1.50771118e+03, 6.32153748e+02, 1.46448572e+03, 4.78724091e+02,
    1.46546082e+03, 5.17541748e+02, 1.46655444e+03, 5.56188293e+02,
    1.46780981e+03, 5.94795776e+02, 1.46894373e+03, 6.33533325e+02,
    1.42529565e+03, 4.80363739e+02, 1.42636914e+03, 5.19022949e+02,
    1.42736304e+03, 5.57631409e+02, 1.42848511e+03, 5.96267944e+02,
    1.42950024e+03, 6.34750854e+02, 1.38633069e+03, 4.81754578e+02,
    1.38721887e+03, 5.20529358e+02, 1.38842297e+03, 5.59209229e+02,
    1.38939673e+03, 5.97589417e+02, 1.39059558e+03, 6.36300049e+02,
    1.34748987e+03, 4.83279510e+02, 1.34849207e+03, 5.22025940e+02,
    1.34946533e+03, 5.60581665e+02, 1.35038892e+03, 5.98858032e+02,
    1.35164417e+03, 6.37665527e+02 ]
