%YAML:1.0
---
points: [ 4.94068176e+02, 1.86668198e+02, 4.94417511e+02, 1.99711563e+02,
    4.94744080e+02, 2.13244537e+02, 4.95131195e+02, 2.26441269e+02,
    4.95274689e+02, 2.39697021e+02, 4.81655243e+02, 1.86787247e+02,
    4.81895264e+02, 2.00424515e+02, 4.82196594e+02, 2.13683655e+02,
    4.82772858e+02, 2.26982468e+02, 4.82844330e+02, 2.40285721e+02,
    4.68819397e+02, 1.87550415e+02, 4.69119812e+02, 2.00735962e+02,
    4.69621643e+02, 2.14341064e+02, 4.69871124e+02, 2.27571655e+02,
    4.70286346e+02, 2.40967377e+02, 4.55877930e+02, 1.87793884e+02,
    4.56323975e+02, 2.01547058e+02, 4.56729919e+02, 2.14753860e+02,
    4.57138245e+02, 2.28306213e+02, 4.57425751e+02, 2.41610214e+02,
    4.42740509e+02, 1.88601135e+02, 4.43160339e+02, 2.01866272e+02,
    4.43624176e+02, 2.15488907e+02, 4.43917023e+02, 2.28767548e+02,
    4.44332672e+02, 2.42245880e+02, 4.29564087e+02, 1.88962616e+02,
    4.29916351e+02, 2.02600571e+02, 4.30264343e+02, 2.15937317e+02,
    4.30702026e+02, 2.29467255e+02, 4.31127838e+02, 2.42804794e+02,
    4.16188080e+02, 1.89668243e+02, 4.16545044e+02, 2.03035965e+02,
    4.16942078e+02, 2.16681473e+02, 4.17320831e+02, 2.29803635e+02,
    4.17644775e+02, 2.43461838e+02 ]
