%YAML:1.0
---
points: [ 1.59653687e+03, 6.04316772e+02, 1.55249622e+03, 6.04911194e+02,
    1.50938367e+03, 6.05454163e+02, 1.46665088e+03, 6.06034851e+02,
    1.42462109e+03, 6.06575928e+02, 1.59350146e+03, 5.65022034e+02,
    1.54941467e+03, 5.65862000e+02, 1.50637146e+03, 5.66715576e+02,
    1.46417810e+03, 5.67756470e+02, 1.42226953e+03, 5.68628601e+02,
    1.59041248e+03, 5.25938293e+02, 1.54660583e+03, 5.27377686e+02,
    1.50351660e+03, 5.28580688e+02, 1.46148694e+03, 5.29730347e+02,
    1.41989014e+03, 5.31151794e+02, 1.58723889e+03, 4.87214478e+02,
    1.54364648e+03, 4.88765625e+02, 1.50122229e+03, 4.90592194e+02,
    1.45906836e+03, 4.92141846e+02, 1.41761804e+03, 4.93943787e+02,
    1.58414673e+03, 4.49005585e+02, 1.54079443e+03, 4.50871490e+02,
    1.49840540e+03, 4.52966644e+02, 1.45660229e+03, 4.54859344e+02,
    1.41555786e+03, 4.56764374e+02, 1.58116943e+03, 4.10838013e+02,
    1.53834900e+03, 4.13013306e+02, 1.49595520e+03, 4.15699768e+02,
    1.45432996e+03, 4.17974976e+02, 1.41354834e+03, 4.20237854e+02,
    1.57839148e+03, 3.73383362e+02, 1.53562500e+03, 3.75823486e+02,
    1.49344177e+03, 3.78525604e+02, 1.45222302e+03, 3.81432312e+02,
    1.41144604e+03, 3.83648499e+02 ]
