%YAML:1.0
---
points: [ 3.87742554e+02, 2.66692688e+02, 3.68770386e+02, 2.64702515e+02,
    3.50872375e+02, 2.62787689e+02, 3.33585876e+02, 2.60869354e+02,
    3.17096405e+02, 2.59108490e+02, 3.89546173e+02, 2.49843369e+02,
    3.70979706e+02, 2.48234589e+02, 3.53277954e+02, 2.46764984e+02,
    3.36301453e+02, 2.45276871e+02, 3.19996826e+02, 2.43928329e+02,
    3.91212799e+02, 2.33513870e+02, 3.72970245e+02, 2.32463104e+02,
    3.55576263e+02, 2.31363800e+02, 3.38797424e+02, 2.30287979e+02,
    3.22853180e+02, 2.29282440e+02, 3.92859161e+02, 2.17885223e+02,
    3.75004120e+02, 2.17059280e+02, 3.57712982e+02, 2.16363388e+02,
    3.41263550e+02, 2.15663406e+02, 3.25520233e+02, 2.15042206e+02,
    3.94530426e+02, 2.02823105e+02, 3.76857635e+02, 2.02479324e+02,
    3.59852905e+02, 2.02045609e+02, 3.43669403e+02, 2.01709915e+02,
    3.28122711e+02, 2.01322937e+02, 3.96138062e+02, 1.88306946e+02,
    3.78713257e+02, 1.88110779e+02, 3.62076904e+02, 1.88276749e+02,
    3.45982056e+02, 1.88112457e+02, 3.30651062e+02, 1.87922577e+02,
    3.97669312e+02, 1.74373672e+02, 3.80486481e+02, 1.74375015e+02,
    3.64090729e+02, 1.74664200e+02, 3.48315460e+02, 1.74947495e+02,
    3.33139282e+02, 1.75055527e+02 ]
