%YAML:1.0
---
points: [ 4.03881531e+02, 2.03199478e+02, 4.02601288e+02, 2.18332092e+02,
    4.01250702e+02, 2.33849564e+02, 3.99891083e+02, 2.49686096e+02,
    3.98507141e+02, 2.66259583e+02, 3.86859711e+02, 2.02608978e+02,
    3.85280884e+02, 2.17456726e+02, 3.83774109e+02, 2.32639908e+02,
    3.82153625e+02, 2.48158524e+02, 3.80479614e+02, 2.64249573e+02,
    3.70353546e+02, 2.02001144e+02, 3.68774139e+02, 2.16477463e+02,
    3.66913910e+02, 2.31323288e+02, 3.65175476e+02, 2.46599228e+02,
    3.63287476e+02, 2.62316925e+02, 3.54499176e+02, 2.01358734e+02,
    3.52672668e+02, 2.15542343e+02, 3.50803986e+02, 2.30162903e+02,
    3.48780975e+02, 2.44961349e+02, 3.46826904e+02, 2.60505829e+02,
    3.39315125e+02, 2.00860596e+02, 3.37402740e+02, 2.14792236e+02,
    3.35255127e+02, 2.29096359e+02, 3.33073608e+02, 2.43629517e+02,
    3.30914520e+02, 2.58676910e+02, 3.24782562e+02, 2.00247528e+02,
    3.22541351e+02, 2.13969666e+02, 3.20377167e+02, 2.27933182e+02,
    3.17997498e+02, 2.42225998e+02, 3.15651062e+02, 2.56916626e+02,
    3.10601593e+02, 1.99670837e+02, 3.08293274e+02, 2.13132034e+02,
    3.05904877e+02, 2.26715698e+02, 3.03550140e+02, 2.40853531e+02,
    3.00955170e+02, 2.55286972e+02 ]
