%YAML:1.0
---
points: [ 1.33225366e+03, 4.86249146e+02, 1.31961902e+03, 5.21442810e+02,
    1.30704968e+03, 5.56392883e+02, 1.29367615e+03, 5.91213379e+02,
    1.28164734e+03, 6.25874451e+02, 1.30755273e+03, 4.81815216e+02,
    1.29554810e+03, 5.16072021e+02, 1.28356445e+03, 5.50061096e+02,
    1.27063855e+03, 5.83490662e+02, 1.25872815e+03, 6.17419312e+02,
    1.28476086e+03, 4.78015106e+02, 1.27306421e+03, 5.11148315e+02,
    1.26122131e+03, 5.43898315e+02, 1.24954822e+03, 5.76443176e+02,
    1.23752661e+03, 6.09321106e+02, 1.26272729e+03, 4.74312256e+02,
    1.25148755e+03, 5.06292847e+02, 1.24010938e+03, 5.38358704e+02,
    1.22850842e+03, 5.69624390e+02, 1.21733850e+03, 6.01644531e+02,
    1.24275684e+03, 4.70840759e+02, 1.23155334e+03, 5.01962128e+02,
    1.22074854e+03, 5.32879333e+02, 1.20961572e+03, 5.63699036e+02,
    1.19843884e+03, 5.94572876e+02, 1.22341870e+03, 4.67348267e+02,
    1.21268298e+03, 4.97731018e+02, 1.20234888e+03, 5.27759766e+02,
    1.19146814e+03, 5.57762024e+02, 1.18064709e+03, 5.87548950e+02,
    1.20471375e+03, 4.64315430e+02, 1.19465796e+03, 4.93413727e+02,
    1.18430627e+03, 5.22988464e+02, 1.17428394e+03, 5.51955994e+02,
    1.16379712e+03, 5.81421143e+02 ]
