%YAML:1.0
---
points: [ 3.34642792e+02, 3.02578888e+01, 3.34538086e+02, 3.69805450e+01,
    3.34079651e+02, 4.35557251e+01, 3.34582764e+02, 4.98314323e+01,
    3.34200256e+02, 5.23205185e+01, 3.34642761e+02, 3.02578793e+01,
    3.34642761e+02, 3.02578793e+01, 3.30205505e+02, 4.26899376e+01,
    3.34079620e+02, 4.35557213e+01, 3.34200226e+02, 5.23205185e+01,
    3.21272034e+02, 2.53782406e+01, 3.20775269e+02, 3.76237106e+01,
    3.20775238e+02, 3.76237030e+01, 3.20808777e+02, 5.18725319e+01,
    3.20808716e+02, 5.18725243e+01, 3.21271973e+02, 2.53782310e+01,
    3.20775238e+02, 3.76237030e+01, 3.20775238e+02, 3.76237030e+01,
    3.20808777e+02, 5.18725319e+01, 3.20808777e+02, 5.18725319e+01,
    3.07327881e+02, 3.10957298e+01, 3.07327911e+02, 3.10957413e+01,
    3.07005951e+02, 4.47219887e+01, 3.06952789e+02, 4.99631958e+01,
    3.07167999e+02, 5.32400932e+01, 3.07327881e+02, 3.10957298e+01,
    3.07327911e+02, 3.10957413e+01, 3.06997589e+02, 4.47204170e+01,
    3.06997589e+02, 4.47204208e+01, 3.07167908e+02, 5.32400818e+01,
    3.02581665e+02, 3.07400379e+01, 3.02538391e+02, 3.87123642e+01,
    3.03049164e+02, 4.44433022e+01, 3.03049164e+02, 4.44433060e+01,
    3.02633179e+02, 5.36174965e+01 ]
