%YAML:1.0
---
points: [ 8.38686600e+01, 3.54155212e+02, 7.68423920e+01, 3.54615234e+02,
    6.97749100e+01, 3.54970490e+02, 6.27419701e+01, 3.55221619e+02,
    5.56915398e+01, 3.55720123e+02, 8.42660294e+01, 3.46733887e+02,
    7.69028549e+01, 3.47316864e+02, 6.99599533e+01, 3.47718597e+02,
    6.27716179e+01, 3.48061157e+02, 5.59396057e+01, 3.48436859e+02,
    8.43124161e+01, 3.39782532e+02, 7.72807236e+01, 3.39999451e+02,
    7.01449738e+01, 3.40680725e+02, 6.31103935e+01, 3.40797485e+02,
    5.60510674e+01, 3.41373535e+02, 8.46026917e+01, 3.32442841e+02,
    7.75125809e+01, 3.32846313e+02, 7.03998337e+01, 3.33311462e+02,
    6.33395004e+01, 3.33774323e+02, 5.64166374e+01, 3.33975677e+02,
    8.47079239e+01, 3.25443604e+02, 7.76760101e+01, 3.25698090e+02,
    7.07293320e+01, 3.26260681e+02, 6.36316032e+01, 3.26695221e+02,
    5.66801987e+01, 3.27014771e+02, 8.48465424e+01, 3.18238342e+02,
    7.77795410e+01, 3.18823669e+02, 7.07836227e+01, 3.19092468e+02,
    6.37292404e+01, 3.19700775e+02, 5.67357063e+01, 3.19861694e+02,
    8.51136932e+01, 3.11418549e+02, 7.80766754e+01, 3.11683380e+02,
    7.10464249e+01, 3.12211975e+02, 6.39401360e+01, 3.12658234e+02,
    5.70502968e+01, 3.12955383e+02 ]
