%YAML:1.0
---
points: [ 3.35741730e+02, 1.96723297e+02, 3.33049194e+02, 2.11669403e+02,
    3.30228760e+02, 2.26600876e+02, 3.27265167e+02, 2.41656738e+02,
    3.24587494e+02, 2.56819794e+02, 3.22249756e+02, 1.95621140e+02,
    3.19563385e+02, 2.09939606e+02, 3.16821838e+02, 2.24628769e+02,
    3.13863495e+02, 2.39168686e+02, 3.11170288e+02, 2.54002640e+02,
    3.09556946e+02, 1.94422882e+02, 3.06827606e+02, 2.08515381e+02,
    3.04101105e+02, 2.22656555e+02, 3.01357971e+02, 2.36880707e+02,
    2.98568756e+02, 2.51281021e+02, 2.97409607e+02, 1.93371140e+02,
    2.94736206e+02, 2.07057404e+02, 2.91958313e+02, 2.20883392e+02,
    2.89270203e+02, 2.34666595e+02, 2.86503571e+02, 2.48729248e+02,
    2.85915527e+02, 1.92286301e+02, 2.83247498e+02, 2.05712204e+02,
    2.80631622e+02, 2.19181915e+02, 2.77844086e+02, 2.32705368e+02,
    2.75028168e+02, 2.46352646e+02, 2.74900604e+02, 1.91377136e+02,
    2.72304474e+02, 2.04380203e+02, 2.69757019e+02, 2.17616501e+02,
    2.67045502e+02, 2.30723633e+02, 2.64257294e+02, 2.44118561e+02,
    2.64431274e+02, 1.90345581e+02, 2.61873993e+02, 2.03193924e+02,
    2.59180115e+02, 2.15948257e+02, 2.56596039e+02, 2.28896988e+02,
    2.53880783e+02, 2.41882248e+02 ]
