%YAML:1.0
---
points: [ 4.17962158e+02, 9.57370178e+02, 3.96474182e+02, 9.59224060e+02,
    3.74586151e+02, 9.60852295e+02, 3.52770325e+02, 9.62670593e+02,
    3.30620331e+02, 9.64586548e+02, 4.19334503e+02, 9.35518494e+02,
    3.97727966e+02, 9.37439697e+02, 3.76281158e+02, 9.39334717e+02,
    3.54530579e+02, 9.41169128e+02, 3.32525299e+02, 9.42896912e+02,
    4.20625854e+02, 9.14307190e+02, 3.99314911e+02, 9.16260620e+02,
    3.77659485e+02, 9.17677063e+02, 3.56066193e+02, 9.19605042e+02,
    3.34350708e+02, 9.21504211e+02, 4.21910950e+02, 8.93104614e+02,
    4.00523743e+02, 8.94823853e+02, 3.79307617e+02, 8.96714844e+02,
    3.57448212e+02, 8.98512085e+02, 3.36086975e+02, 9.00198486e+02,
    4.23178619e+02, 8.72192200e+02, 4.01833313e+02, 8.73932007e+02,
    3.80656281e+02, 8.75498535e+02, 3.59412537e+02, 8.77273499e+02,
    3.37716217e+02, 8.78914429e+02, 4.24526306e+02, 8.51489929e+02,
    4.03218811e+02, 8.53331604e+02, 3.82265686e+02, 8.54767212e+02,
    3.60656158e+02, 8.56446838e+02, 3.39301514e+02, 8.58144653e+02,
    4.25709198e+02, 8.31139099e+02, 4.04635834e+02, 8.32665771e+02,
    3.83563812e+02, 8.34308105e+02, 3.62500366e+02, 8.35694031e+02,
    3.40858215e+02, 8.37465759e+02 ]
