%YAML:1.0
---
points: [ 1.04260767e+03, 8.81690308e+02, 1.06376025e+03, 8.86360718e+02,
    1.08501526e+03, 8.91270325e+02, 1.10672131e+03, 8.96205078e+02,
    1.12904895e+03, 9.01405701e+02, 1.04047241e+03, 9.04511719e+02,
    1.06138904e+03, 9.09320312e+02, 1.08282532e+03, 9.14434265e+02,
    1.10456372e+03, 9.19718140e+02, 1.12708374e+03, 9.25225342e+02,
    1.03827002e+03, 9.27779114e+02, 1.05926721e+03, 9.32638428e+02,
    1.08049683e+03, 9.38256470e+02, 1.10245557e+03, 9.43495789e+02,
    1.12466174e+03, 9.49200073e+02, 1.03574548e+03, 9.50822754e+02,
    1.05676416e+03, 9.56207458e+02, 1.07847925e+03, 9.61832153e+02,
    1.10027478e+03, 9.67459167e+02, 1.12258167e+03, 9.73392456e+02,
    1.03349036e+03, 9.74201416e+02, 1.05460425e+03, 9.79723572e+02,
    1.07623743e+03, 9.85606018e+02, 1.09821558e+03, 9.91560486e+02,
    1.12057129e+03, 9.97725525e+02, 1.03125256e+03, 9.97519653e+02,
    1.05254443e+03, 1.00346564e+03, 1.07414111e+03, 1.00959204e+03,
    1.09585962e+03, 1.01563409e+03, 1.11834351e+03, 1.02213934e+03,
    1.02862598e+03, 1.02126239e+03, 1.04990674e+03, 1.02723767e+03,
    1.07151074e+03, 1.03369995e+03, 1.09361572e+03, 1.04034631e+03,
    1.11634937e+03, 1.04677368e+03 ]
