%YAML:1.0
---
points: [ 2.81205902e+02, 1.55596756e+02, 2.91874451e+02, 1.56259354e+02,
    3.03241791e+02, 1.56664642e+02, 3.15090759e+02, 1.57260361e+02,
    3.27820648e+02, 1.57713089e+02, 2.77758667e+02, 1.68617355e+02,
    2.88418762e+02, 1.69486176e+02, 2.99733887e+02, 1.70342316e+02,
    3.11593170e+02, 1.71277237e+02, 3.24141937e+02, 1.72267563e+02,
    2.74330536e+02, 1.81673981e+02, 2.85022034e+02, 1.82843323e+02,
    2.96234314e+02, 1.84123520e+02, 3.08008026e+02, 1.85328568e+02,
    3.20462677e+02, 1.86697601e+02, 2.70893982e+02, 1.94699890e+02,
    2.81425659e+02, 1.96208084e+02, 2.92561615e+02, 1.97789154e+02,
    3.04280548e+02, 1.99538223e+02, 3.16722626e+02, 2.01215958e+02,
    2.67430237e+02, 2.07822281e+02, 2.77999542e+02, 2.09676910e+02,
    2.89079041e+02, 2.11743912e+02, 3.00741638e+02, 2.13770416e+02,
    3.13124786e+02, 2.15907303e+02, 2.63865723e+02, 2.21055008e+02,
    2.74399017e+02, 2.23304718e+02, 2.85511017e+02, 2.25600861e+02,
    2.97068726e+02, 2.28148499e+02, 3.09283356e+02, 2.30686951e+02,
    2.60445099e+02, 2.34344986e+02, 2.70755066e+02, 2.36835709e+02,
    2.81787720e+02, 2.39689362e+02, 2.93361816e+02, 2.42545349e+02,
    3.05530029e+02, 2.45644684e+02 ]
