%YAML:1.0
---
points: [ 4.04102661e+02, 3.41754974e+02, 4.04594299e+02, 3.49353210e+02,
    4.05152435e+02, 3.57025848e+02, 4.05563599e+02, 3.64624329e+02,
    4.06053406e+02, 3.72312378e+02, 3.97076141e+02, 3.42603760e+02,
    3.97798584e+02, 3.50220306e+02, 3.98062714e+02, 3.57872070e+02,
    3.98777924e+02, 3.65665009e+02, 3.99054108e+02, 3.73209015e+02,
    3.90442261e+02, 3.43316742e+02, 3.90719299e+02, 3.51094055e+02,
    3.91288757e+02, 3.58785400e+02, 3.91714783e+02, 3.66475006e+02,
    3.92321381e+02, 3.74188995e+02, 3.83100739e+02, 3.44191620e+02,
    3.83798828e+02, 3.52016968e+02, 3.84246429e+02, 3.59700592e+02,
    3.84819092e+02, 3.67472656e+02, 3.85246063e+02, 3.75224915e+02,
    3.76228180e+02, 3.44975891e+02, 3.76720428e+02, 3.52828613e+02,
    3.77316620e+02, 3.60638641e+02, 3.77729736e+02, 3.68363312e+02,
    3.78292816e+02, 3.76177521e+02, 3.68934875e+02, 3.45740173e+02,
    3.69731964e+02, 3.53677673e+02, 3.69986450e+02, 3.61456543e+02,
    3.70742523e+02, 3.69337982e+02, 3.71104126e+02, 3.77200348e+02,
    3.61928101e+02, 3.46627533e+02, 3.62408875e+02, 3.54475861e+02,
    3.62948395e+02, 3.62241119e+02, 3.63483124e+02, 3.70241547e+02,
    3.63978516e+02, 3.78067413e+02 ]
