%YAML:1.0
---
points: [ 4.03852509e+02, 3.40473145e+02, 4.03639526e+02, 3.47598297e+02,
    4.03595062e+02, 3.54724823e+02, 4.03095856e+02, 3.61707489e+02,
    4.02916016e+02, 3.68869629e+02, 3.96677002e+02, 3.40821411e+02,
    3.96655243e+02, 3.47997711e+02, 3.96200836e+02, 3.55191620e+02,
    3.96073975e+02, 3.62278839e+02, 3.95734375e+02, 3.69292999e+02,
    3.89644012e+02, 3.41382416e+02, 3.89210144e+02, 3.48530029e+02,
    3.89091309e+02, 3.55671204e+02, 3.88773407e+02, 3.62743530e+02,
    3.88810974e+02, 3.69811371e+02, 3.82038605e+02, 3.41832581e+02,
    3.82002777e+02, 3.49052795e+02, 3.81779968e+02, 3.56286926e+02,
    3.81767731e+02, 3.63459900e+02, 3.81614777e+02, 3.70455353e+02,
    3.74927612e+02, 3.42249664e+02, 3.74684540e+02, 3.49506683e+02,
    3.74762726e+02, 3.56701111e+02, 3.74510803e+02, 3.63823456e+02,
    3.74447174e+02, 3.70962982e+02, 3.67516083e+02, 3.42697296e+02,
    3.67585846e+02, 3.49980743e+02, 3.67167206e+02, 3.57111359e+02,
    3.67193359e+02, 3.64461182e+02, 3.66974365e+02, 3.71577087e+02,
    3.60058075e+02, 3.43128326e+02, 3.59912628e+02, 3.50497620e+02,
    3.59932861e+02, 3.57643677e+02, 3.59782135e+02, 3.64852753e+02,
    3.59848267e+02, 3.71985931e+02 ]
