%YAML:1.0
---
cameraMatrix: !!opencv-matrix
   rows: 3
   cols: 3
   dt: d
   data: [ 3.6910677877774117e+02, 0., 2.5249161322503289e+02, 0.,
       3.6926373413482690e+02, 2.0829432932310760e+02, 0., 0., 1. ]
distortionCoefficients: !!opencv-matrix
   rows: 1
   cols: 5
   dt: d
   data: [ 1.0388179992634679e-01, -2.8937136111924655e-01,
       -6.2055105762251147e-04, -7.0269690720868680e-04,
       1.1389092481819622e-01 ]
rotation: !!opencv-matrix
   rows: 3
   cols: 3
   dt: d
   data: [ 1., 0., 0., 0., 1., 0., 0., 0., 1. ]
projection: !!opencv-matrix
   rows: 4
   cols: 4
   dt: d
   data: [ 3.6910677877774117e+02, 0., 2.5249161322503289e+02, 0., 0.,
       3.6926373413482690e+02, 2.0829432932310760e+02, 0., 0., 0., 1.,
       0., 0., 0., 0., 1. ]
