%YAML:1.0
---
cameraMatrix: !!opencv-matrix
   rows: 3
   cols: 3
   dt: d
   data: [ 1.0640319076482731e+03, 0., 9.4002765144415002e+02, 0.,
       1.0656363581666094e+03, 5.3142549783797540e+02, 0., 0., 1. ]
distortionCoefficients: !!opencv-matrix
   rows: 1
   cols: 5
   dt: d
   data: [ 6.8341193783112764e-02, -8.6171887915906839e-02,
       -1.0910065344241625e-03, -1.8734313033665613e-03,
       2.9456201643576881e-02 ]
rotation: !!opencv-matrix
   rows: 3
   cols: 3
   dt: d
   data: [ 1., 0., 0., 0., 1., 0., 0., 0., 1. ]
projection: !!opencv-matrix
   rows: 4
   cols: 4
   dt: d
   data: [ 1.0640319076482731e+03, 0., 9.4002765144415002e+02, 0., 0.,
       1.0656363581666094e+03, 5.3142549783797540e+02, 0., 0., 0., 1.,
       0., 0., 0., 0., 1. ]
