%YAML:1.0
---
points: [ 2.88800476e+02, 3.28936188e+02, 2.60594727e+02, 3.29715790e+02,
    2.32599747e+02, 3.30702271e+02, 2.04196487e+02, 3.31655396e+02,
    1.76662842e+02, 3.31929779e+02, 2.86527252e+02, 3.00808990e+02,
    2.59440460e+02, 3.01677246e+02, 2.32268448e+02, 3.02503876e+02,
    2.05257324e+02, 3.03370117e+02, 1.77685837e+02, 3.04291809e+02,
    2.84368927e+02, 2.74679718e+02, 2.58400848e+02, 2.75318207e+02,
    2.32266571e+02, 2.76161377e+02, 2.06109665e+02, 2.76885254e+02,
    1.79587982e+02, 2.77873871e+02, 2.82645447e+02, 2.49830490e+02,
    2.57352264e+02, 2.50618378e+02, 2.32160980e+02, 2.51439224e+02,
    2.06703461e+02, 2.52278885e+02, 1.81144241e+02, 2.53020279e+02,
    2.80769958e+02, 2.26931137e+02, 2.56534637e+02, 2.27728271e+02,
    2.31937943e+02, 2.28437164e+02, 2.07428421e+02, 2.29141342e+02,
    1.82695816e+02, 2.29822144e+02, 2.79238373e+02, 2.05299561e+02,
    2.55458603e+02, 2.05865982e+02, 2.31883820e+02, 2.06741974e+02,
    2.08013046e+02, 2.07222366e+02, 1.83871338e+02, 2.07838394e+02,
    2.77676453e+02, 1.85126038e+02, 2.54738434e+02, 1.85415726e+02,
    2.31594406e+02, 1.86232391e+02, 2.08429703e+02, 1.86774017e+02,
    1.85023193e+02, 1.87270203e+02 ]
