%YAML:1.0
---
points: [ 8.33628296e+02, 3.90278290e+02, 8.60842957e+02, 3.90027985e+02,
    8.87816956e+02, 3.89729858e+02, 9.14941589e+02, 3.89488403e+02,
    9.41941772e+02, 3.89408020e+02, 8.34118469e+02, 4.17181519e+02,
    8.61063599e+02, 4.16927246e+02, 8.88244263e+02, 4.16673706e+02,
    9.15273071e+02, 4.16464630e+02, 9.42397583e+02, 4.16378326e+02,
    8.34222961e+02, 4.44248993e+02, 8.61387939e+02, 4.43885895e+02,
    8.88413025e+02, 4.43646484e+02, 9.15508240e+02, 4.43486053e+02,
    9.42578308e+02, 4.43240051e+02, 8.34500183e+02, 4.71189941e+02,
    8.61540222e+02, 4.70829498e+02, 8.88723145e+02, 4.70564301e+02,
    9.15620667e+02, 4.70366547e+02, 9.42900208e+02, 4.70231903e+02,
    8.34620728e+02, 4.98008148e+02, 8.61815735e+02, 4.97669128e+02,
    8.89125549e+02, 4.97558380e+02, 9.16150635e+02, 4.97386688e+02,
    9.43188843e+02, 4.97207092e+02, 8.34875183e+02, 5.24849121e+02,
    8.62169373e+02, 5.24698425e+02, 8.89273132e+02, 5.24519409e+02,
    9.16392944e+02, 5.24360046e+02, 9.43445618e+02, 5.24277344e+02,
    8.35151489e+02, 5.51864563e+02, 8.62278381e+02, 5.51655273e+02,
    8.89476562e+02, 5.51535522e+02, 9.16558044e+02, 5.51387024e+02,
    9.43586609e+02, 5.51282715e+02 ]
