%YAML:1.0
---
points: [ 2.75078461e+02, 2.87679504e+02, 2.52474930e+02, 2.88660126e+02,
    2.29661575e+02, 2.89723816e+02, 2.06599747e+02, 2.90620911e+02,
    1.83141357e+02, 2.91722076e+02, 2.74175171e+02, 2.64774475e+02,
    2.51746674e+02, 2.65586487e+02, 2.29107117e+02, 2.66396271e+02,
    2.06164139e+02, 2.67471100e+02, 1.83000671e+02, 2.68387054e+02,
    2.73192047e+02, 2.42178696e+02, 2.50970444e+02, 2.42937256e+02,
    2.28372437e+02, 2.43721924e+02, 2.05854385e+02, 2.44539078e+02,
    1.82647903e+02, 2.45336823e+02, 2.72452118e+02, 2.19872375e+02,
    2.50175995e+02, 2.20628708e+02, 2.27945114e+02, 2.21210617e+02,
    2.05169342e+02, 2.21955933e+02, 1.82269333e+02, 2.22722748e+02,
    2.71480652e+02, 1.97834641e+02, 2.49278625e+02, 1.98374146e+02,
    2.27204803e+02, 1.98968750e+02, 2.04797256e+02, 1.99599533e+02,
    1.81872421e+02, 2.00210556e+02, 2.70756256e+02, 1.76097885e+02,
    2.48691147e+02, 1.76466431e+02, 2.26628891e+02, 1.77022156e+02,
    2.04187775e+02, 1.77632401e+02, 1.81479767e+02, 1.77873016e+02,
    2.69893921e+02, 1.54506973e+02, 2.48005447e+02, 1.54691833e+02,
    2.25986053e+02, 1.55100357e+02, 2.03702820e+02, 1.55494034e+02,
    1.81021103e+02, 1.55791824e+02 ]
