%YAML:1.0
---
points: [ 2.94529205e+02, 3.06600220e+02, 2.69162567e+02, 3.06636108e+02,
    2.44380417e+02, 3.06654266e+02, 2.19156631e+02, 3.06690796e+02,
    1.94436935e+02, 3.06876068e+02, 2.93396912e+02, 2.81293060e+02,
    2.69066467e+02, 2.81409943e+02, 2.44499771e+02, 2.81491791e+02,
    2.20304977e+02, 2.81642883e+02, 1.95897827e+02, 2.81755432e+02,
    2.92689301e+02, 2.57253052e+02, 2.68654663e+02, 2.57512207e+02,
    2.44890900e+02, 2.57641388e+02, 2.21202515e+02, 2.57694580e+02,
    1.97576263e+02, 2.57880737e+02, 2.91625946e+02, 2.34241928e+02,
    2.68391235e+02, 2.34527679e+02, 2.45011246e+02, 2.34682526e+02,
    2.22073624e+02, 2.34963623e+02, 1.98859558e+02, 2.35219025e+02,
    2.90953247e+02, 2.12551437e+02, 2.68016296e+02, 2.12821259e+02,
    2.45350433e+02, 2.13133957e+02, 2.22776932e+02, 2.13319244e+02,
    2.00100632e+02, 2.13549530e+02, 2.90249268e+02, 1.91653259e+02,
    2.67770508e+02, 1.92044052e+02, 2.45549362e+02, 1.92288574e+02,
    2.23482849e+02, 1.92621597e+02, 2.01362732e+02, 1.92766846e+02,
    2.89471039e+02, 1.71534607e+02, 2.67627747e+02, 1.72060089e+02,
    2.45788223e+02, 1.72316650e+02, 2.24206619e+02, 1.72524307e+02,
    2.02475571e+02, 1.72822983e+02 ]
