%YAML:1.0
---
points: [ 2.86373535e+02, 2.12872055e+02, 2.87061707e+02, 2.34909149e+02,
    2.87743286e+02, 2.57079102e+02, 2.88614227e+02, 2.79714935e+02,
    2.89253265e+02, 3.02593353e+02, 2.64503601e+02, 2.13326080e+02,
    2.65019867e+02, 2.35292389e+02, 2.65680023e+02, 2.57677307e+02,
    2.66331055e+02, 2.80279572e+02, 2.66915527e+02, 3.03336853e+02,
    2.42542542e+02, 2.13721344e+02, 2.43101685e+02, 2.35840073e+02,
    2.43459732e+02, 2.58109619e+02, 2.43998352e+02, 2.80762085e+02,
    2.44412231e+02, 3.03735382e+02, 2.20565872e+02, 2.14325195e+02,
    2.20826920e+02, 2.36275223e+02, 2.21301178e+02, 2.58788574e+02,
    2.21638977e+02, 2.81520477e+02, 2.21834625e+02, 3.04782928e+02,
    1.98489746e+02, 2.14771378e+02, 1.98722198e+02, 2.36923462e+02,
    1.98890945e+02, 2.59461792e+02, 1.99070007e+02, 2.82266876e+02,
    1.99083344e+02, 3.05431000e+02, 1.76141846e+02, 2.15195770e+02,
    1.76097382e+02, 2.37562500e+02, 1.76286148e+02, 2.60130219e+02,
    1.76237854e+02, 2.83029510e+02, 1.76185242e+02, 3.06263123e+02,
    1.53449051e+02, 2.15706039e+02, 1.53553574e+02, 2.38113281e+02,
    1.53322067e+02, 2.60877167e+02, 1.53238052e+02, 2.83770111e+02,
    1.53107224e+02, 3.07072357e+02 ]
