%YAML:1.0
---
points: [ 3.01517548e+02, 2.23595657e+02, 3.03314880e+02, 2.43878098e+02,
    3.05433289e+02, 2.65178192e+02, 3.07579803e+02, 2.87732544e+02,
    3.09823364e+02, 3.11976868e+02, 2.80059174e+02, 2.24127991e+02,
    2.81227692e+02, 2.44393906e+02, 2.82709991e+02, 2.65706512e+02,
    2.84099457e+02, 2.88526031e+02, 2.85794250e+02, 3.12678253e+02,
    2.58515015e+02, 2.24692749e+02, 2.59208405e+02, 2.44919556e+02,
    2.59927368e+02, 2.66451935e+02, 2.60756683e+02, 2.89030731e+02,
    2.61595612e+02, 3.13406769e+02, 2.37047058e+02, 2.25198471e+02,
    2.37078308e+02, 2.45537262e+02, 2.37197342e+02, 2.66818787e+02,
    2.37245667e+02, 2.89729614e+02, 2.37486694e+02, 3.13957367e+02,
    2.15447662e+02, 2.25855026e+02, 2.15014572e+02, 2.46148361e+02,
    2.14443848e+02, 2.67726532e+02, 2.13850235e+02, 2.90532806e+02,
    2.13265594e+02, 3.14763489e+02, 1.93828781e+02, 2.26290512e+02,
    1.92620834e+02, 2.46722397e+02, 1.91652390e+02, 2.68287506e+02,
    1.90340607e+02, 2.91204437e+02, 1.88878128e+02, 3.15360718e+02,
    1.72163162e+02, 2.26970139e+02, 1.70273422e+02, 2.47193512e+02,
    1.68435837e+02, 2.69037933e+02, 1.66600906e+02, 2.91751556e+02,
    1.64446106e+02, 3.16209808e+02 ]
