%YAML:1.0
---
points: [ 9.78018799e+02, 5.79670837e+02, 9.80271606e+02, 6.37975403e+02,
    9.82393982e+02, 6.99152588e+02, 9.84759705e+02, 7.64293335e+02,
    9.87568848e+02, 8.33396851e+02, 9.16232239e+02, 5.80898010e+02,
    9.16513184e+02, 6.39520325e+02, 9.17128662e+02, 7.00758179e+02,
    9.17569397e+02, 7.65880432e+02, 9.18345825e+02, 8.34909180e+02,
    8.54183411e+02, 5.82388367e+02, 8.53088013e+02, 6.40742920e+02,
    8.51795166e+02, 7.02447083e+02, 8.50427795e+02, 7.67446411e+02,
    8.49042480e+02, 8.36932495e+02, 7.91916016e+02, 5.83582092e+02,
    7.89260498e+02, 6.42196106e+02, 7.86184814e+02, 7.03604065e+02,
    7.83071045e+02, 7.69252014e+02, 7.79554382e+02, 8.38628357e+02,
    7.29646240e+02, 5.85195740e+02, 7.25417542e+02, 6.43775757e+02,
    7.20547302e+02, 7.05613953e+02, 7.15394043e+02, 7.71105042e+02,
    7.09603394e+02, 8.40844971e+02, 6.67389954e+02, 5.86230042e+02,
    6.60826050e+02, 6.44970520e+02, 6.54462708e+02, 7.07172363e+02,
    6.47140442e+02, 7.72940002e+02, 6.39176697e+02, 8.42621033e+02,
    6.04650574e+02, 5.87792969e+02, 5.96201538e+02, 6.46188660e+02,
    5.87767273e+02, 7.08789673e+02, 5.78399780e+02, 7.74551636e+02,
    5.68419434e+02, 8.44699646e+02 ]
