%YAML:1.0
---
points: [ 1.17945691e+03, 5.29277405e+02, 1.18943384e+03, 5.88593750e+02,
    1.19983130e+03, 6.49209717e+02, 1.21072302e+03, 7.10871033e+02,
    1.22182153e+03, 7.74563599e+02, 1.12319421e+03, 5.34382385e+02,
    1.13277734e+03, 5.94719299e+02, 1.14267651e+03, 6.55756714e+02,
    1.15314233e+03, 7.18528564e+02, 1.16388000e+03, 7.82827759e+02,
    1.06586108e+03, 5.39728577e+02, 1.07503210e+03, 6.00775574e+02,
    1.08439453e+03, 6.62871582e+02, 1.09432800e+03, 7.26530029e+02,
    1.10430835e+03, 7.91857300e+02, 1.00690668e+03, 5.45237122e+02,
    1.01574847e+03, 6.07281250e+02, 1.02454651e+03, 6.70320007e+02,
    1.03369360e+03, 7.34810547e+02, 1.04354553e+03, 8.01149963e+02,
    9.46501953e+02, 5.50770813e+02, 9.54571960e+02, 6.13609863e+02,
    9.63058228e+02, 6.77757385e+02, 9.71566040e+02, 7.43311768e+02,
    9.80573730e+02, 8.10591980e+02, 8.84484070e+02, 5.56295532e+02,
    8.92047729e+02, 6.20304993e+02, 8.99752014e+02, 6.85383789e+02,
    9.07669495e+02, 7.51912231e+02, 9.16380310e+02, 8.20353333e+02,
    8.20569214e+02, 5.62354553e+02, 8.27655457e+02, 6.27000732e+02,
    8.34526184e+02, 6.93213623e+02, 8.42135376e+02, 7.60817810e+02,
    8.49534912e+02, 8.30532104e+02 ]
