%YAML:1.0
---
points: [ 5.68847656e+02, 5.67746704e+02, 5.78125671e+02, 6.21890625e+02,
    5.87123840e+02, 6.77704651e+02, 5.96553589e+02, 7.35570190e+02,
    6.06398376e+02, 7.96211365e+02, 5.06566650e+02, 5.74266968e+02,
    5.14639343e+02, 6.29778625e+02, 5.22990784e+02, 6.87581848e+02,
    5.31634521e+02, 7.47353699e+02, 5.40378052e+02, 8.09681152e+02,
    4.40480560e+02, 5.80732544e+02, 4.47797424e+02, 6.38481262e+02,
    4.55175659e+02, 6.97671143e+02, 4.62654785e+02, 7.59744019e+02,
    4.70578735e+02, 8.23914307e+02, 3.70783691e+02, 5.87655701e+02,
    3.76955872e+02, 6.47081177e+02, 3.83347534e+02, 7.08554504e+02,
    3.89887848e+02, 7.72389038e+02, 3.96503937e+02, 8.39330139e+02,
    2.97383728e+02, 5.95425415e+02, 3.02262451e+02, 6.56496155e+02,
    3.07243469e+02, 7.20111389e+02, 3.12326874e+02, 7.86538391e+02,
    3.17668030e+02, 8.55466614e+02, 2.19584869e+02, 6.02789429e+02,
    2.23166901e+02, 6.66354980e+02, 2.26738693e+02, 7.32311523e+02,
    2.30508545e+02, 8.00746277e+02, 2.34407745e+02, 8.72307983e+02,
    1.37624664e+02, 6.10721008e+02, 1.39803436e+02, 6.76259155e+02,
    1.41752899e+02, 7.44623657e+02, 1.43916199e+02, 8.15472412e+02,
    1.46099823e+02, 8.90036316e+02 ]
