%YAML:1.0
---
points: [ 2.19110397e+02, 2.20039688e+02, 2.14997971e+02, 2.44108841e+02,
    2.10772202e+02, 2.68387054e+02, 2.06447205e+02, 2.93554871e+02,
    2.02005569e+02, 3.19430328e+02, 1.98569626e+02, 2.18126328e+02,
    1.94467026e+02, 2.41403214e+02, 1.90196518e+02, 2.65185455e+02,
    1.85738495e+02, 2.89670990e+02, 1.81165909e+02, 3.14763336e+02,
    1.79092728e+02, 2.16292313e+02, 1.74884064e+02, 2.38996353e+02,
    1.70601181e+02, 2.62225800e+02, 1.65973312e+02, 2.85996857e+02,
    1.61483582e+02, 3.10331940e+02, 1.60340912e+02, 2.14515381e+02,
    1.56039902e+02, 2.36734436e+02, 1.51669342e+02, 2.59305603e+02,
    1.47146713e+02, 2.82464661e+02, 1.42577789e+02, 3.06115814e+02,
    1.42618484e+02, 2.12877014e+02, 1.38305832e+02, 2.34575851e+02,
    1.33923584e+02, 2.56575043e+02, 1.29428772e+02, 2.79136871e+02,
    1.24657623e+02, 3.02100800e+02, 1.25665146e+02, 2.11285995e+02,
    1.21090820e+02, 2.32381638e+02, 1.16954697e+02, 2.53891052e+02,
    1.12262199e+02, 2.75741028e+02, 1.07528130e+02, 2.98237915e+02,
    1.09652634e+02, 2.09636612e+02, 1.04824371e+02, 2.30238220e+02,
    1.00618904e+02, 2.51308807e+02, 9.60446014e+01, 2.72659882e+02,
    9.13287430e+01, 2.94333252e+02 ]
