%YAML:1.0
---
points: [ 4.45516449e+02, 3.80783325e+02, 4.95801544e+02, 3.82920776e+02,
    5.47398315e+02, 3.85072845e+02, 6.00998535e+02, 3.87254944e+02,
    6.56307983e+02, 3.89366669e+02, 4.33662201e+02, 4.39387787e+02,
    4.84557129e+02, 4.42641479e+02, 5.36662781e+02, 4.45672852e+02,
    5.90367676e+02, 4.48872101e+02, 6.45857727e+02, 4.52132965e+02,
    4.21888367e+02, 4.98705872e+02, 4.72758270e+02, 5.03150299e+02,
    5.25421509e+02, 5.07309387e+02, 5.79390564e+02, 5.11534302e+02,
    6.35543274e+02, 5.15664734e+02, 4.09402222e+02, 5.59517090e+02,
    4.60474731e+02, 5.64563538e+02, 5.12950073e+02, 5.69645508e+02,
    5.67536255e+02, 5.75130737e+02, 6.23806396e+02, 5.80530212e+02,
    3.97176086e+02, 6.20927002e+02, 4.48376556e+02, 6.27265137e+02,
    5.01513550e+02, 6.33570862e+02, 5.56152954e+02, 6.40123474e+02,
    6.12946655e+02, 6.46638428e+02, 3.83767883e+02, 6.83645813e+02,
    4.35229919e+02, 6.91162903e+02, 4.89040009e+02, 6.98592834e+02,
    5.43683533e+02, 7.06468323e+02, 6.00481934e+02, 7.14400513e+02,
    3.70818604e+02, 7.47627747e+02, 4.21778717e+02, 7.56288452e+02,
    4.75739075e+02, 7.65244263e+02, 5.30834473e+02, 7.74373535e+02,
    5.88088440e+02, 7.83553650e+02 ]
