%YAML:1.0
---
points: [ 1.15454094e+02, 1.55321976e+02, 1.33381699e+02, 1.55874344e+02,
    1.51860626e+02, 1.56559586e+02, 1.71184708e+02, 1.57178787e+02,
    1.91069077e+02, 1.57963303e+02, 1.11653519e+02, 1.75550812e+02,
    1.29743347e+02, 1.76671738e+02, 1.48583466e+02, 1.77642670e+02,
    1.68037552e+02, 1.78598984e+02, 1.88057190e+02, 1.79773865e+02,
    1.07893929e+02, 1.96356140e+02, 1.26242172e+02, 1.97593430e+02,
    1.45115753e+02, 1.99079910e+02, 1.64579361e+02, 2.00433304e+02,
    1.84760788e+02, 2.01850739e+02, 1.04009758e+02, 2.17228363e+02,
    1.22330711e+02, 2.19109222e+02, 1.41194794e+02, 2.20799637e+02,
    1.61023590e+02, 2.22499985e+02, 1.81298996e+02, 2.24371338e+02,
    1.00228622e+02, 2.38721741e+02, 1.18636261e+02, 2.40798431e+02,
    1.37688293e+02, 2.43001846e+02, 1.57437912e+02, 2.45134888e+02,
    1.77947723e+02, 2.47239899e+02, 9.61661911e+01, 2.60391510e+02,
    1.14561066e+02, 2.62994049e+02, 1.33778717e+02, 2.65615387e+02,
    1.53610550e+02, 2.68217010e+02, 1.74044357e+02, 2.70848663e+02,
    9.22708054e+01, 2.82621521e+02, 1.10369606e+02, 2.85609222e+02,
    1.29807739e+02, 2.88734070e+02, 1.49578171e+02, 2.91775543e+02,
    1.70239410e+02, 2.95079071e+02 ]
