%YAML:1.0
---
points: [ 5.80964966e+02, 5.33680298e+02, 5.86181519e+02, 5.90541565e+02,
    5.91182617e+02, 6.46992310e+02, 5.96171143e+02, 7.03631409e+02,
    6.01008545e+02, 7.60529236e+02, 5.19118835e+02, 5.38594482e+02,
    5.24388611e+02, 5.96538086e+02, 5.29552673e+02, 6.54604431e+02,
    5.34771179e+02, 7.12587158e+02, 5.39732056e+02, 7.70709595e+02,
    4.54328735e+02, 5.43499817e+02, 4.59945587e+02, 6.02903259e+02,
    4.65317841e+02, 6.62257507e+02, 4.70550171e+02, 7.21636353e+02,
    4.75711029e+02, 7.81251953e+02, 3.86601288e+02, 5.49031860e+02,
    3.92241638e+02, 6.09603210e+02, 3.98001709e+02, 6.70604553e+02,
    4.03409241e+02, 7.31285461e+02, 4.08734131e+02, 7.92387085e+02,
    3.15774017e+02, 5.54449524e+02, 3.21691772e+02, 6.16855835e+02,
    3.27405914e+02, 6.79321289e+02, 3.32882416e+02, 7.41449524e+02,
    3.38401215e+02, 8.03874695e+02, 2.41743500e+02, 5.60318970e+02,
    2.47727036e+02, 6.24266663e+02, 2.53682861e+02, 6.88135132e+02,
    2.59414490e+02, 7.51837097e+02, 2.65139679e+02, 8.15893433e+02,
    1.64286087e+02, 5.66300781e+02, 1.70466721e+02, 6.31919189e+02,
    1.76504166e+02, 6.97414978e+02, 1.82467056e+02, 7.62740356e+02,
    1.88534439e+02, 8.28349792e+02 ]
