%YAML:1.0
---
points: [ 1.12007782e+02, 3.83404419e+02, 1.92169998e+02, 3.82616913e+02,
    2.68575012e+02, 3.81781769e+02, 3.41344971e+02, 3.81339600e+02,
    4.10497040e+02, 3.80608887e+02, 1.17289154e+02, 4.49513000e+02,
    1.97602753e+02, 4.46691895e+02, 2.74191864e+02, 4.44427704e+02,
    3.46848755e+02, 4.41838287e+02, 4.16173370e+02, 4.39553284e+02,
    1.22619835e+02, 5.15599182e+02, 2.03191711e+02, 5.11252350e+02,
    2.79730011e+02, 5.06845215e+02, 3.52482025e+02, 5.02590546e+02,
    4.21782440e+02, 4.98613312e+02, 1.28177856e+02, 5.82356201e+02,
    2.08768570e+02, 5.75820435e+02, 2.85263550e+02, 5.69647156e+02,
    3.58280518e+02, 5.63580444e+02, 4.27372742e+02, 5.57803101e+02,
    1.33847916e+02, 6.49227051e+02, 2.14242065e+02, 6.40628052e+02,
    2.90926147e+02, 6.32648254e+02, 3.63747711e+02, 6.24736450e+02,
    4.32940216e+02, 6.17531494e+02, 1.39151489e+02, 7.16160645e+02,
    2.19653381e+02, 7.05857239e+02, 2.96368469e+02, 6.95961487e+02,
    3.69331055e+02, 6.86449585e+02, 4.38305389e+02, 6.77258118e+02,
    1.44892059e+02, 7.83371704e+02, 2.25267776e+02, 7.71243591e+02,
    3.01822601e+02, 7.59592651e+02, 3.74572632e+02, 7.48440979e+02,
    4.43701569e+02, 7.37655579e+02 ]
