%YAML:1.0
---
points: [ 2.05878693e+02, 2.18792145e+02, 2.03587982e+02, 2.42806900e+02,
    2.00908783e+02, 2.67515289e+02, 1.98229233e+02, 2.92766968e+02,
    1.95630035e+02, 3.18717499e+02, 1.83645004e+02, 2.17708069e+02,
    1.80884644e+02, 2.41522629e+02, 1.78164169e+02, 2.65766418e+02,
    1.75356155e+02, 2.90608765e+02, 1.72495346e+02, 3.16133911e+02,
    1.61775452e+02, 2.16805267e+02, 1.58929688e+02, 2.40186844e+02,
    1.56209564e+02, 2.64056458e+02, 1.53021530e+02, 2.88484589e+02,
    1.50039642e+02, 3.13616821e+02, 1.40392212e+02, 2.15758774e+02,
    1.37369614e+02, 2.38925842e+02, 1.34503418e+02, 2.62315887e+02,
    1.31315781e+02, 2.86582062e+02, 1.28195984e+02, 3.11158203e+02,
    1.19767975e+02, 2.14955246e+02, 1.16700294e+02, 2.37664154e+02,
    1.13513474e+02, 2.60885895e+02, 1.10395653e+02, 2.84487183e+02,
    1.07176628e+02, 3.08749359e+02, 9.96479263e+01, 2.13896194e+02,
    9.63583679e+01, 2.36341080e+02, 9.34220428e+01, 2.59197021e+02,
    8.99181976e+01, 2.82506165e+02, 8.66233292e+01, 3.06150604e+02,
    8.04494247e+01, 2.12920807e+02, 7.68351440e+01, 2.35088272e+02,
    7.36810455e+01, 2.57517212e+02, 7.04025497e+01, 2.80404999e+02,
    6.70681915e+01, 3.03619751e+02 ]
