%YAML:1.0
---
points: [ 2.04256424e+02, 3.85205048e+02, 2.41628311e+02, 3.84790466e+02,
    2.77875763e+02, 3.84334442e+02, 3.13425598e+02, 3.83889038e+02,
    3.48019745e+02, 3.83584534e+02, 2.07567139e+02, 4.16228180e+02,
    2.45151672e+02, 4.15168854e+02, 2.81497955e+02, 4.14366028e+02,
    3.17032013e+02, 4.13398804e+02, 3.51356384e+02, 4.12651276e+02,
    2.11141312e+02, 4.46972260e+02, 2.48570587e+02, 4.45634338e+02,
    2.85092194e+02, 4.44311951e+02, 3.20420776e+02, 4.42930328e+02,
    3.54685272e+02, 4.41627625e+02, 2.14483963e+02, 4.78197052e+02,
    2.52270248e+02, 4.76262939e+02, 2.88439056e+02, 4.74372314e+02,
    3.23855774e+02, 4.72387177e+02, 3.58267212e+02, 4.70669739e+02,
    2.18182648e+02, 5.09085297e+02, 2.55523178e+02, 5.06716797e+02,
    2.92023621e+02, 5.04349976e+02, 3.27338959e+02, 5.02125000e+02,
    3.61466034e+02, 4.99655487e+02, 2.21472946e+02, 5.40281494e+02,
    2.59071533e+02, 5.37399292e+02, 2.95449158e+02, 5.34480408e+02,
    3.30689789e+02, 5.31580261e+02, 3.65176178e+02, 5.28840210e+02,
    2.24920319e+02, 5.71406494e+02, 2.62500214e+02, 5.67864624e+02,
    2.98676880e+02, 5.64629639e+02, 3.33880096e+02, 5.61414551e+02,
    3.68473053e+02, 5.58226013e+02 ]
