%YAML:1.0
---
points: [ 8.92809021e+02, 5.33609009e+02, 8.67041992e+02, 5.33643677e+02,
    8.41299622e+02, 5.33640259e+02, 8.15866882e+02, 5.33590454e+02,
    7.90394409e+02, 5.33577820e+02, 8.93197205e+02, 5.07537201e+02,
    8.67301514e+02, 5.07640350e+02, 8.41870056e+02, 5.07723022e+02,
    8.16239685e+02, 5.07755737e+02, 7.90831299e+02, 5.07790497e+02,
    8.93586853e+02, 4.81619629e+02, 8.67893127e+02, 4.81882050e+02,
    8.42309082e+02, 4.82024200e+02, 8.16910522e+02, 4.82080231e+02,
    7.91450989e+02, 4.82164490e+02, 8.93845520e+02, 4.55841736e+02,
    8.68061646e+02, 4.56086060e+02, 8.42719971e+02, 4.56357605e+02,
    8.17159302e+02, 4.56561646e+02, 7.91914795e+02, 4.56731812e+02,
    8.94042053e+02, 4.30096191e+02, 8.68556396e+02, 4.30527008e+02,
    8.42980408e+02, 4.30984283e+02, 8.17701172e+02, 4.31057587e+02,
    7.92400024e+02, 4.31147827e+02, 8.94537964e+02, 4.04809753e+02,
    8.68858521e+02, 4.04978943e+02, 8.43488525e+02, 4.05496460e+02,
    8.17994385e+02, 4.05947723e+02, 7.93038330e+02, 4.05930023e+02,
    8.94894470e+02, 3.79169067e+02, 8.69304504e+02, 3.79748322e+02,
    8.43932556e+02, 3.80006348e+02, 8.18661987e+02, 3.80535553e+02,
    7.93291687e+02, 3.80864838e+02 ]
