%YAML:1.0
---
points: [ 7.89914368e+02, 4.30077972e+02, 8.15949768e+02, 4.30078125e+02,
    8.42063721e+02, 4.29870300e+02, 8.68188477e+02, 4.29703125e+02,
    8.94423157e+02, 4.29607758e+02, 7.86750549e+02, 4.50817963e+02,
    8.13254089e+02, 4.50958893e+02, 8.39607544e+02, 4.50932617e+02,
    8.66118591e+02, 4.50785828e+02, 8.92678955e+02, 4.50606781e+02,
    7.83684021e+02, 4.72316528e+02, 8.10598328e+02, 4.72439819e+02,
    8.37410828e+02, 4.72434845e+02, 8.64227478e+02, 4.72375397e+02,
    8.91070679e+02, 4.72254211e+02, 7.80525085e+02, 4.94235809e+02,
    8.07546997e+02, 4.94232208e+02, 8.34638367e+02, 4.94322876e+02,
    8.61921326e+02, 4.94194122e+02, 8.89380981e+02, 4.94166779e+02,
    7.77292603e+02, 5.16780945e+02, 8.04802429e+02, 5.16907898e+02,
    8.32329834e+02, 5.17116638e+02, 8.59803894e+02, 5.17113525e+02,
    8.87474304e+02, 5.16985718e+02, 7.73603149e+02, 5.40069336e+02,
    8.01672180e+02, 5.39934204e+02, 8.29491943e+02, 5.40435913e+02,
    8.57639221e+02, 5.40355835e+02, 8.85633301e+02, 5.40262146e+02,
    7.70221802e+02, 5.64035400e+02, 7.98340210e+02, 5.63952332e+02,
    8.26991455e+02, 5.64280579e+02, 8.55258789e+02, 5.64461304e+02,
    8.83662354e+02, 5.64399292e+02 ]
