%YAML:1.0
---
points: [ 5.94808350e+01, 1.55854492e+02, 6.98507080e+01, 1.55715027e+02,
    7.98525543e+01, 1.55673325e+02, 8.95381622e+01, 1.55541870e+02,
    9.88311691e+01, 1.55397263e+02, 6.11765900e+01, 1.66304489e+02,
    7.14682388e+01, 1.65795868e+02, 8.14576340e+01, 1.65598770e+02,
    9.11851349e+01, 1.65101639e+02, 1.00380074e+02, 1.64766693e+02,
    6.28842697e+01, 1.76698715e+02, 7.31364822e+01, 1.75942841e+02,
    8.31301346e+01, 1.75504028e+02, 9.27380219e+01, 1.74821259e+02,
    1.02087013e+02, 1.74412750e+02, 6.45789948e+01, 1.86887115e+02,
    7.49485092e+01, 1.86079620e+02, 8.49032974e+01, 1.85331192e+02,
    9.44427490e+01, 1.84606491e+02, 1.03725052e+02, 1.83804092e+02,
    6.63354416e+01, 1.97252213e+02, 7.66249924e+01, 1.96144135e+02,
    8.65212631e+01, 1.95171326e+02, 9.60906372e+01, 1.94257507e+02,
    1.05362457e+02, 1.93422287e+02, 6.81136627e+01, 2.07418945e+02,
    7.83384247e+01, 2.06296173e+02, 8.82577820e+01, 2.05092133e+02,
    9.77859421e+01, 2.03941010e+02, 1.06926971e+02, 2.02852081e+02,
    7.00131531e+01, 2.17805634e+02, 8.01622238e+01, 2.16247620e+02,
    9.00332947e+01, 2.14933502e+02, 9.94472885e+01, 2.13634308e+02,
    1.08614868e+02, 2.12344589e+02 ]
