%YAML:1.0
---
points: [ 2.48884796e+02, 2.18359634e+02, 2.38831482e+02, 2.18420258e+02,
    2.29061661e+02, 2.18426208e+02, 2.19073517e+02, 2.18333084e+02,
    2.09273895e+02, 2.18422943e+02, 2.49205383e+02, 2.10049057e+02,
    2.39441940e+02, 2.10125626e+02, 2.29669556e+02, 2.10192795e+02,
    2.19945282e+02, 2.10080597e+02, 2.10200043e+02, 2.10114975e+02,
    2.49611649e+02, 2.02077103e+02, 2.39954941e+02, 2.02104736e+02,
    2.30335098e+02, 2.02184875e+02, 2.20724731e+02, 2.02165451e+02,
    2.11140686e+02, 2.02150375e+02, 2.49875641e+02, 1.94177994e+02,
    2.40460144e+02, 1.94258957e+02, 2.30892181e+02, 1.94351089e+02,
    2.21488556e+02, 1.94309448e+02, 2.12044373e+02, 1.94311676e+02,
    2.50304047e+02, 1.86555054e+02, 2.40895218e+02, 1.86551575e+02,
    2.31536560e+02, 1.86680130e+02, 2.22264633e+02, 1.86721481e+02,
    2.12878372e+02, 1.86667297e+02, 2.50619141e+02, 1.79149750e+02,
    2.41354034e+02, 1.79258301e+02, 2.32152298e+02, 1.79332306e+02,
    2.22940323e+02, 1.79381607e+02, 2.13720383e+02, 1.79360001e+02,
    2.50914978e+02, 1.71831924e+02, 2.41764221e+02, 1.71944550e+02,
    2.32673325e+02, 1.72027206e+02, 2.23607529e+02, 1.72117828e+02,
    2.14538452e+02, 1.72135956e+02 ]
