%YAML:1.0
---
points: [ 7.90588989e+02, 4.30746033e+02, 8.16133301e+02, 4.30658386e+02,
    8.42565430e+02, 4.30670685e+02, 8.68230591e+02, 4.30493134e+02,
    8.94827332e+02, 4.30457611e+02, 7.86914368e+02, 4.51289978e+02,
    8.13567322e+02, 4.51470825e+02, 8.39740356e+02, 4.51406250e+02,
    8.66450806e+02, 4.51262390e+02, 8.92708130e+02, 4.51090668e+02,
    7.84145264e+02, 4.72575562e+02, 8.10805725e+02, 4.72742981e+02,
    8.37582764e+02, 4.72812561e+02, 8.64373535e+02, 4.72645203e+02,
    8.91336060e+02, 4.72564880e+02, 7.80765015e+02, 4.94511108e+02,
    8.07722717e+02, 4.94500458e+02, 8.34829102e+02, 4.94530792e+02,
    8.62245789e+02, 4.94513519e+02, 8.89530090e+02, 4.94385712e+02,
    7.77428894e+02, 5.17022522e+02, 8.05172363e+02, 5.17214600e+02,
    8.32514343e+02, 5.17328186e+02, 8.60065247e+02, 5.17348450e+02,
    8.87628235e+02, 5.17224670e+02, 7.73915344e+02, 5.40155029e+02,
    8.01822815e+02, 5.40082520e+02, 8.29636353e+02, 5.40474182e+02,
    8.57853333e+02, 5.40398743e+02, 8.85769226e+02, 5.40357178e+02,
    7.70421448e+02, 5.63990601e+02, 7.98489014e+02, 5.63863770e+02,
    8.27172302e+02, 5.64252136e+02, 8.55388977e+02, 5.64438416e+02,
    8.83834900e+02, 5.64346741e+02 ]
