%YAML:1.0
---
points: [ 1.12582321e+02, 1.88890381e+02, 1.16284760e+02, 1.96931030e+02,
    1.20114479e+02, 2.05129303e+02, 1.23987213e+02, 2.13115234e+02,
    1.27761063e+02, 2.21473999e+02, 1.03567345e+02, 1.89723862e+02,
    1.07310364e+02, 1.97930801e+02, 1.11033867e+02, 2.06216080e+02,
    1.14985359e+02, 2.14481445e+02, 1.18960739e+02, 2.23032547e+02,
    9.41717072e+01, 1.90705566e+02, 9.79521713e+01, 1.98989029e+02,
    1.01791443e+02, 2.07482468e+02, 1.05665344e+02, 2.15985046e+02,
    1.09562935e+02, 2.24652725e+02, 8.44724426e+01, 1.91547592e+02,
    8.82450333e+01, 2.00065567e+02, 9.20596771e+01, 2.08666077e+02,
    9.59320755e+01, 2.17358292e+02, 9.99323425e+01, 2.26255417e+02,
    7.43938293e+01, 1.92537247e+02, 7.81413345e+01, 2.01221817e+02,
    8.19636078e+01, 2.10093613e+02, 8.58388138e+01, 2.19031830e+02,
    8.97716827e+01, 2.28081329e+02, 6.40808487e+01, 1.93580429e+02,
    6.77588501e+01, 2.02381592e+02, 7.15061264e+01, 2.11434143e+02,
    7.52474136e+01, 2.20514481e+02, 7.93700180e+01, 2.29938568e+02,
    5.32194290e+01, 1.94408005e+02, 5.68987656e+01, 2.03607498e+02,
    6.06133080e+01, 2.12851562e+02, 6.43865585e+01, 2.22239334e+02,
    6.82717896e+01, 2.31772415e+02 ]
