%YAML:1.0
---
points: [ 9.26901733e+02, 4.45328522e+02, 9.26888611e+02, 4.71034698e+02,
    9.26849976e+02, 4.96832733e+02, 9.26861816e+02, 5.22785828e+02,
    9.26870300e+02, 5.48733643e+02, 9.01288025e+02, 4.45527710e+02,
    9.01307251e+02, 4.71330688e+02, 9.01219727e+02, 4.97082642e+02,
    9.01268127e+02, 5.22882507e+02, 9.01131592e+02, 5.48919189e+02,
    8.75650085e+02, 4.45685455e+02, 8.75551392e+02, 4.71544464e+02,
    8.75566833e+02, 4.97239899e+02, 8.75440125e+02, 5.23018005e+02,
    8.75462341e+02, 5.48911377e+02, 8.50047546e+02, 4.45977509e+02,
    8.50093750e+02, 4.71771729e+02, 8.50028748e+02, 4.97416748e+02,
    8.49946472e+02, 5.23320435e+02, 8.49683167e+02, 5.49034424e+02,
    8.24558228e+02, 4.46351166e+02, 8.24401184e+02, 4.72127319e+02,
    8.24407471e+02, 4.97601990e+02, 8.24234619e+02, 5.23436401e+02,
    8.24227722e+02, 5.49290955e+02, 7.99173462e+02, 4.46551239e+02,
    7.99049011e+02, 4.72127625e+02, 7.98962891e+02, 4.97769226e+02,
    7.98744446e+02, 5.23573730e+02, 7.98538269e+02, 5.49311035e+02,
    7.73887756e+02, 4.46868774e+02, 7.73562134e+02, 4.72270782e+02,
    7.73487732e+02, 4.97967194e+02, 7.73293823e+02, 5.23668030e+02,
    7.73175354e+02, 5.49471985e+02 ]
