%YAML:1.0
---
points: [ 2.64349731e+02, 1.84199387e+02, 2.64289825e+02, 1.92151459e+02,
    2.64231506e+02, 2.00173477e+02, 2.64204407e+02, 2.08472977e+02,
    2.64127075e+02, 2.16984787e+02, 2.55354172e+02, 1.84356003e+02,
    2.55139481e+02, 1.92341080e+02, 2.55019714e+02, 2.00364838e+02,
    2.54818176e+02, 2.08636856e+02, 2.54728516e+02, 2.17168213e+02,
    2.46305374e+02, 1.84505112e+02, 2.46064026e+02, 1.92405472e+02,
    2.45794312e+02, 2.00481750e+02, 2.45568192e+02, 2.08844925e+02,
    2.45254517e+02, 2.17247849e+02, 2.37273697e+02, 1.84632751e+02,
    2.36942429e+02, 1.92513794e+02, 2.36549652e+02, 2.00538925e+02,
    2.36241089e+02, 2.08878677e+02, 2.35944580e+02, 2.17288467e+02,
    2.28363663e+02, 1.84752243e+02, 2.27870972e+02, 1.92751312e+02,
    2.27428345e+02, 2.00732407e+02, 2.26963654e+02, 2.09046387e+02,
    2.26464096e+02, 2.17424149e+02, 2.19359421e+02, 1.84843307e+02,
    2.18821381e+02, 1.92720413e+02, 2.18345383e+02, 2.00851364e+02,
    2.17644501e+02, 2.09149368e+02, 2.17227371e+02, 2.17489365e+02,
    2.10440460e+02, 1.85020065e+02, 2.09817337e+02, 1.92890625e+02,
    2.09189529e+02, 2.00975906e+02, 2.08452423e+02, 2.09194168e+02,
    2.07735336e+02, 2.17576309e+02 ]
