%YAML:1.0
---
points: [ 1.70050537e+03, 4.78761536e+02, 1.69856262e+03, 5.17939575e+02,
    1.69678174e+03, 5.57260376e+02, 1.69523279e+03, 5.96830383e+02,
    1.69349438e+03, 6.36625610e+02, 1.65360876e+03, 4.77631470e+02,
    1.65176965e+03, 5.16341980e+02, 1.64995032e+03, 5.54830078e+02,
    1.64830688e+03, 5.93794495e+02, 1.64650269e+03, 6.33147095e+02,
    1.60831189e+03, 4.76742096e+02, 1.60635364e+03, 5.14574890e+02,
    1.60447656e+03, 5.52741577e+02, 1.60251965e+03, 5.91076355e+02,
    1.60081250e+03, 6.29540588e+02, 1.56408789e+03, 4.75646729e+02,
    1.56221729e+03, 5.13166382e+02, 1.56024927e+03, 5.50539978e+02,
    1.55850806e+03, 5.88358948e+02, 1.55653418e+03, 6.26149597e+02,
    1.52137305e+03, 4.75036102e+02, 1.51903381e+03, 5.11705536e+02,
    1.51717944e+03, 5.48719666e+02, 1.51526611e+03, 5.85608948e+02,
    1.51336621e+03, 6.22955444e+02, 1.47968127e+03, 4.73988739e+02,
    1.47756604e+03, 5.10237701e+02, 1.47549683e+03, 5.46422241e+02,
    1.47352051e+03, 5.82885925e+02, 1.47136658e+03, 6.19502441e+02,
    1.43918738e+03, 4.73158051e+02, 1.43704675e+03, 5.08629578e+02,
    1.43482202e+03, 5.44493225e+02, 1.43282812e+03, 5.80466370e+02,
    1.43080261e+03, 6.16543213e+02 ]
