%YAML:1.0
---
points: [ 1.83570389e+02, 1.54555695e+02, 1.91704117e+02, 1.54810730e+02,
    1.99833954e+02, 1.55142471e+02, 2.08129456e+02, 1.55378540e+02,
    2.16547745e+02, 1.55627411e+02, 1.82433502e+02, 1.63223785e+02,
    1.90624115e+02, 1.63531113e+02, 1.98820435e+02, 1.63852661e+02,
    2.07137299e+02, 1.64226044e+02, 2.15504486e+02, 1.64456848e+02,
    1.81339172e+02, 1.71826477e+02, 1.89512985e+02, 1.72255310e+02,
    1.97753815e+02, 1.72638168e+02, 2.06089890e+02, 1.72962631e+02,
    2.14459137e+02, 1.73340256e+02, 1.80205017e+02, 1.80545731e+02,
    1.88381378e+02, 1.80931580e+02, 1.96585938e+02, 1.81398773e+02,
    2.05005447e+02, 1.81845184e+02, 2.13396118e+02, 1.82207794e+02,
    1.79110947e+02, 1.89256119e+02, 1.87273788e+02, 1.89751877e+02,
    1.95577301e+02, 1.90241257e+02, 2.03890900e+02, 1.90675537e+02,
    2.12375107e+02, 1.91241730e+02, 1.77936020e+02, 1.98052902e+02,
    1.86172424e+02, 1.98558411e+02, 1.94411377e+02, 1.99157318e+02,
    2.02809570e+02, 1.99754547e+02, 2.11240540e+02, 2.00182968e+02,
    1.76777664e+02, 2.06867355e+02, 1.84926926e+02, 2.07394775e+02,
    1.93273941e+02, 2.08141663e+02, 2.01635056e+02, 2.08702225e+02,
    2.10141434e+02, 2.09345566e+02 ]
