%YAML:1.0
---
points: [ 1.63015637e+03, 5.68162048e+02, 1.62224048e+03, 6.43371765e+02,
    1.61455859e+03, 7.18460815e+02, 1.60683130e+03, 7.93814880e+02,
    1.59934399e+03, 8.69972595e+02, 1.54450391e+03, 5.61167847e+02,
    1.53708752e+03, 6.33336731e+02, 1.52961499e+03, 7.04897217e+02,
    1.52245105e+03, 7.77338501e+02, 1.51529919e+03, 8.49884521e+02,
    1.46588940e+03, 5.55039429e+02, 1.45868091e+03, 6.23827087e+02,
    1.45175134e+03, 6.92648743e+02, 1.44462085e+03, 7.61864929e+02,
    1.43768555e+03, 8.31629333e+02, 1.39320325e+03, 5.49338257e+02,
    1.38615979e+03, 6.15424622e+02, 1.37951196e+03, 6.81452698e+02,
    1.37286462e+03, 7.47989380e+02, 1.36621130e+03, 8.14460144e+02,
    1.32653394e+03, 5.44162415e+02, 1.31970081e+03, 6.07507080e+02,
    1.31310596e+03, 6.70886841e+02, 1.30669592e+03, 7.34628174e+02,
    1.30024524e+03, 7.99091980e+02, 1.26466357e+03, 5.38924988e+02,
    1.25800952e+03, 6.00143311e+02, 1.25173059e+03, 6.61059692e+02,
    1.24526990e+03, 7.22608398e+02, 1.23869116e+03, 7.84302490e+02,
    1.20750134e+03, 5.34377991e+02, 1.20083435e+03, 5.93286499e+02,
    1.19473657e+03, 6.52204102e+02, 1.18843030e+03, 7.11376221e+02,
    1.18197095e+03, 7.70739502e+02 ]
