%YAML:1.0
---
points: [ 2.08843689e+02, 1.78868637e+02, 2.07903397e+02, 1.88692627e+02,
    2.07142365e+02, 1.98409286e+02, 2.06494965e+02, 2.08233719e+02,
    2.05735001e+02, 2.17876099e+02, 2.03828217e+02, 1.78270981e+02,
    2.03230728e+02, 1.87855133e+02, 2.02372009e+02, 1.97439621e+02,
    2.01412842e+02, 2.06910675e+02, 2.05735001e+02, 2.17876099e+02,
    2.01686157e+02, 1.77898010e+02, 2.00955307e+02, 1.87662643e+02,
    1.95670319e+02, 1.96188797e+02, 1.95189270e+02, 2.05375595e+02,
    1.94253647e+02, 2.14611374e+02, 1.97066864e+02, 1.77492172e+02,
    1.92345612e+02, 1.86250290e+02, 1.95670319e+02, 1.96188797e+02,
    1.95189270e+02, 2.05375595e+02, 1.94253647e+02, 2.14611374e+02,
    1.93083618e+02, 1.77005295e+02, 1.92345581e+02, 1.86250290e+02,
    1.91998749e+02, 1.95199371e+02, 1.91163315e+02, 2.04398987e+02,
    1.90460464e+02, 2.13345352e+02, 1.89805069e+02, 1.76551590e+02,
    1.89101608e+02, 1.85560196e+02, 1.88454498e+02, 1.94516006e+02,
    1.87833328e+02, 2.03315094e+02, 1.86762421e+02, 2.12378677e+02,
    1.89805069e+02, 1.76551590e+02, 1.89101608e+02, 1.85560196e+02,
    1.88454498e+02, 1.94516006e+02, 1.87833328e+02, 2.03315094e+02,
    1.86762421e+02, 2.12378677e+02 ]
