%YAML:1.0
---
points: [ 7.69599243e+02, 4.50457397e+02, 7.66346252e+02, 4.77630096e+02,
    7.65225952e+02, 5.06683441e+02, 7.62966125e+02, 5.33733887e+02,
    7.59739441e+02, 5.62467163e+02, 7.55703430e+02, 4.47662537e+02,
    7.54594238e+02, 4.76326416e+02, 7.51779602e+02, 5.02807159e+02,
    7.48863525e+02, 5.30726196e+02, 7.48033752e+02, 5.57840820e+02,
    7.55703369e+02, 4.47662506e+02, 7.42434631e+02, 4.73324524e+02,
    7.40230103e+02, 5.00973297e+02, 7.48863464e+02, 5.30726196e+02,
    7.48033875e+02, 5.57840759e+02, 7.33185913e+02, 4.44607483e+02,
    7.31163269e+02, 4.72380188e+02, 7.29567688e+02, 4.97675201e+02,
    7.26570251e+02, 5.24885254e+02, 7.25386963e+02, 5.50352295e+02,
    7.21932190e+02, 4.44005249e+02, 7.20479004e+02, 4.69420898e+02,
    7.18397827e+02, 4.96143097e+02, 7.16549072e+02, 5.21146057e+02,
    7.14092590e+02, 5.47594116e+02, 7.11868103e+02, 4.41779480e+02,
    7.09308350e+02, 4.68202972e+02, 7.18397766e+02, 4.96143066e+02,
    7.06109985e+02, 5.19015381e+02, 7.04125793e+02, 5.43487244e+02,
    7.11868042e+02, 4.41779480e+02, 7.09308350e+02, 4.68202972e+02,
    7.08356323e+02, 4.92774353e+02, 7.06109924e+02, 5.19015259e+02,
    7.04125732e+02, 5.43487244e+02 ]
