%YAML:1.0
---
points: [ 2.98798279e+02, 1.78113724e+02, 2.98929779e+02, 1.86205109e+02,
    2.98986755e+02, 1.94363068e+02, 2.99047821e+02, 2.02590759e+02,
    2.99094452e+02, 2.10845901e+02, 2.90491882e+02, 1.78216400e+02,
    2.90533691e+02, 1.86263702e+02, 2.90498474e+02, 1.94480331e+02,
    2.90542114e+02, 2.02633835e+02, 2.90571381e+02, 2.10888687e+02,
    2.82026001e+02, 1.78363602e+02, 2.81972931e+02, 1.86418350e+02,
    2.81904785e+02, 1.94582306e+02, 2.81896545e+02, 2.02682953e+02,
    2.81854584e+02, 2.10918228e+02, 2.73758392e+02, 1.78523926e+02,
    2.73650055e+02, 1.86519730e+02, 2.73635590e+02, 1.94589737e+02,
    2.73560638e+02, 2.02721359e+02, 2.73540710e+02, 2.10918289e+02,
    2.65533600e+02, 1.78623489e+02, 2.65390808e+02, 1.86628006e+02,
    2.65235474e+02, 1.94671234e+02, 2.65049438e+02, 2.02809280e+02,
    2.64835724e+02, 2.10954697e+02, 2.57250916e+02, 1.78658752e+02,
    2.56996826e+02, 1.86649063e+02, 2.56839142e+02, 1.94665176e+02,
    2.56760040e+02, 2.02856003e+02, 2.56623108e+02, 2.11036926e+02,
    2.48911789e+02, 1.78754730e+02, 2.48780746e+02, 1.86699478e+02,
    2.48656342e+02, 1.94695343e+02, 2.48407394e+02, 2.02830688e+02,
    2.48144333e+02, 2.11076569e+02 ]
