%YAML:1.0
---
points: [ 9.89796082e+02, 4.39445740e+02, 9.92344727e+02, 4.65384766e+02,
    9.95172363e+02, 4.91160034e+02, 9.97570068e+02, 5.16827637e+02,
    1.00039301e+03, 5.42388123e+02, 9.70765625e+02, 4.41472992e+02,
    9.73447510e+02, 4.67689362e+02, 9.75941406e+02, 4.93952087e+02,
    9.78785950e+02, 5.19933594e+02, 9.81477112e+02, 5.46036316e+02,
    9.51235352e+02, 4.43708069e+02, 9.53799622e+02, 4.70474762e+02,
    9.56533997e+02, 4.97105255e+02, 9.59426636e+02, 5.23572205e+02,
    9.62291748e+02, 5.49849792e+02, 9.31014038e+02, 4.45744843e+02,
    9.33749268e+02, 4.73046173e+02, 9.36708191e+02, 5.00227478e+02,
    9.39534851e+02, 5.27212097e+02, 9.42587891e+02, 5.53845947e+02,
    9.10095337e+02, 4.48300476e+02, 9.12804382e+02, 4.75971100e+02,
    9.15780457e+02, 5.03259705e+02, 9.18617065e+02, 5.30674255e+02,
    9.21960388e+02, 5.57994019e+02, 8.88402283e+02, 4.50552216e+02,
    8.91520508e+02, 4.78654938e+02, 8.94305420e+02, 5.06663696e+02,
    8.97460205e+02, 5.34441406e+02, 9.00828979e+02, 5.62164185e+02,
    8.65768982e+02, 4.53115479e+02, 8.69410706e+02, 4.81596893e+02,
    8.72210083e+02, 5.10015717e+02, 8.75416870e+02, 5.38480591e+02,
    8.78702759e+02, 5.66512634e+02 ]
