%YAML:1.0
---
points: [ 1.01272955e+03, 5.31165100e+02, 9.88314514e+02, 5.34183472e+02,
    9.63573364e+02, 5.37062317e+02, 9.38404785e+02, 5.39795471e+02,
    9.12495361e+02, 5.42954224e+02, 1.00817340e+03, 5.05382782e+02,
    9.83774048e+02, 5.08105957e+02, 9.58847473e+02, 5.10894409e+02,
    9.33775757e+02, 5.13412842e+02, 9.08121338e+02, 5.16302795e+02,
    1.00344879e+03, 4.79899353e+02, 9.79321350e+02, 4.82250244e+02,
    9.54401367e+02, 4.84776123e+02, 9.29383667e+02, 4.87234039e+02,
    9.03710449e+02, 4.89615906e+02, 9.99014893e+02, 4.54465851e+02,
    9.74743225e+02, 4.56544189e+02, 9.50104919e+02, 4.58941803e+02,
    9.25105286e+02, 4.61005432e+02, 8.99507202e+02, 4.63396606e+02,
    9.94573120e+02, 4.29393951e+02, 9.70270569e+02, 4.31260406e+02,
    9.45475891e+02, 4.33392151e+02, 9.20598450e+02, 4.35188141e+02,
    8.95280823e+02, 4.37244781e+02, 9.90171936e+02, 4.04224518e+02,
    9.65735168e+02, 4.06183350e+02, 9.41291687e+02, 4.07827332e+02,
    9.16322021e+02, 4.09428711e+02, 8.90799683e+02, 4.11321259e+02,
    9.85737854e+02, 3.79459290e+02, 9.61521118e+02, 3.80942932e+02,
    9.37167480e+02, 3.82379822e+02, 9.11988892e+02, 3.83883118e+02,
    8.86544495e+02, 3.85474304e+02 ]
