%YAML:1.0
---
points: [ 1.52463000e+03, 8.06024109e+02, 1.44717786e+03, 7.89042969e+02,
    1.37616772e+03, 7.73412964e+02, 1.31086047e+03, 7.59338928e+02,
    1.25129272e+03, 7.45678711e+02, 1.53117065e+03, 7.33141113e+02,
    1.45341541e+03, 7.19220276e+02, 1.38196448e+03, 7.06893555e+02,
    1.31659766e+03, 6.95502869e+02, 1.25638806e+03, 6.84753296e+02,
    1.53783142e+03, 6.60195557e+02, 1.45954553e+03, 6.49975830e+02,
    1.38804382e+03, 6.40517517e+02, 1.32246021e+03, 6.31828796e+02,
    1.26206738e+03, 6.23831482e+02, 1.54430933e+03, 5.87546143e+02,
    1.46564124e+03, 5.80685791e+02, 1.39378418e+03, 5.74424561e+02,
    1.32817419e+03, 5.68505066e+02, 1.26747656e+03, 5.63052917e+02,
    1.55078296e+03, 5.15149048e+02, 1.47206946e+03, 5.11502808e+02,
    1.40006360e+03, 5.08184570e+02, 1.33380444e+03, 5.04856262e+02,
    1.27315381e+03, 5.02058167e+02, 1.55744580e+03, 4.42611206e+02,
    1.47836658e+03, 4.42298370e+02, 1.40588196e+03, 4.41814117e+02,
    1.33963696e+03, 4.41453735e+02, 1.27867407e+03, 4.40939056e+02,
    1.56418921e+03, 3.69976196e+02, 1.48477234e+03, 3.72690094e+02,
    1.41221655e+03, 3.75450104e+02, 1.34565552e+03, 3.77712463e+02,
    1.28450806e+03, 3.80114410e+02 ]
