%YAML:1.0
---
points: [ 1.02660461e+02, 2.08441193e+02, 9.27804489e+01, 2.09156479e+02,
    8.28508453e+01, 2.09948151e+02, 7.26563721e+01, 2.10826553e+02,
    6.22543259e+01, 2.11782837e+02, 1.01495270e+02, 1.99483673e+02,
    9.17334366e+01, 2.00110107e+02, 8.17677994e+01, 2.00822037e+02,
    7.15750122e+01, 2.01691711e+02, 6.12251396e+01, 2.02390106e+02,
    1.00396942e+02, 1.90605087e+02, 9.06491013e+01, 1.91104248e+02,
    8.06960373e+01, 1.91728867e+02, 7.05821457e+01, 1.92472260e+02,
    6.02269516e+01, 1.93045975e+02, 9.93179550e+01, 1.81694305e+02,
    8.96271820e+01, 1.82160965e+02, 7.96502380e+01, 1.82680740e+02,
    6.95590744e+01, 1.83242477e+02, 5.91978683e+01, 1.83731888e+02,
    9.82984467e+01, 1.72814529e+02, 8.85313950e+01, 1.73244980e+02,
    7.86115875e+01, 1.73701889e+02, 6.85114594e+01, 1.74031998e+02,
    5.81959152e+01, 1.74673157e+02, 9.72403641e+01, 1.63989960e+02,
    8.74793091e+01, 1.64378082e+02, 7.76053391e+01, 1.64662720e+02,
    6.75396042e+01, 1.64863129e+02, 5.72473793e+01, 1.65264587e+02,
    9.61891861e+01, 1.55353867e+02, 8.65049210e+01, 1.55553040e+02,
    7.66261749e+01, 1.55730225e+02, 6.65511169e+01, 1.55734329e+02,
    5.62801361e+01, 1.56112259e+02 ]
