%YAML:1.0
---
points: [ 8.48228516e+02, 4.94152283e+02, 8.50766174e+02, 5.36702393e+02,
    8.53560913e+02, 5.78881592e+02, 8.56419983e+02, 6.21360291e+02,
    8.59008911e+02, 6.63442810e+02, 8.07275391e+02, 4.96462738e+02,
    8.10166138e+02, 5.39571899e+02, 8.12922058e+02, 5.82624878e+02,
    8.16054993e+02, 6.25531433e+02, 8.18633240e+02, 6.68598022e+02,
    7.64846924e+02, 4.98621033e+02, 7.68056824e+02, 5.42613892e+02,
    7.70853821e+02, 5.86503113e+02, 7.74001770e+02, 6.30059326e+02,
    7.76726074e+02, 6.73861328e+02, 7.21227600e+02, 5.01319885e+02,
    7.24241272e+02, 5.45863525e+02, 7.27493774e+02, 5.90611084e+02,
    7.30520508e+02, 6.34908142e+02, 7.33517456e+02, 6.79608765e+02,
    6.75695374e+02, 5.03534454e+02, 6.79076355e+02, 5.49402649e+02,
    6.82011353e+02, 5.94732666e+02, 6.85280518e+02, 6.39984436e+02,
    6.88319214e+02, 6.85495117e+02, 6.28539185e+02, 5.06365540e+02,
    6.31996216e+02, 5.52805969e+02, 6.35148865e+02, 5.99144897e+02,
    6.38353333e+02, 6.45377197e+02, 6.41350586e+02, 6.91701782e+02,
    5.79374329e+02, 5.08716827e+02, 5.82661011e+02, 5.56314087e+02,
    5.85968689e+02, 6.03576294e+02, 5.89288147e+02, 6.50681519e+02,
    5.92330383e+02, 6.97838196e+02 ]
