%YAML:1.0
---
points: [ 4.75900482e+02, 5.58427673e+02, 4.44478546e+02, 5.60912048e+02,
    4.12734375e+02, 5.63671631e+02, 3.79757568e+02, 5.66414185e+02,
    3.45820007e+02, 5.69437988e+02, 4.71293335e+02, 5.34585144e+02,
    4.40520325e+02, 5.37158203e+02, 4.08746124e+02, 5.39412231e+02,
    3.76190063e+02, 5.41626221e+02, 3.42609436e+02, 5.44232971e+02,
    4.67023590e+02, 5.11507996e+02, 4.36414215e+02, 5.13416077e+02,
    4.05076019e+02, 5.15491943e+02, 3.72572510e+02, 5.17514893e+02,
    3.39386719e+02, 5.19516418e+02, 4.62727478e+02, 4.88396210e+02,
    4.32440643e+02, 4.90189911e+02, 4.01367493e+02, 4.91670990e+02,
    3.69385742e+02, 4.93430756e+02, 3.36385193e+02, 4.95143585e+02,
    4.58577209e+02, 4.66203583e+02, 4.28375153e+02, 4.67506592e+02,
    3.97613739e+02, 4.69111511e+02, 3.65768646e+02, 4.70437592e+02,
    3.33276031e+02, 4.71678162e+02, 4.54432343e+02, 4.44392944e+02,
    4.24530121e+02, 4.45142151e+02, 3.94029938e+02, 4.46272736e+02,
    3.62660919e+02, 4.47241913e+02, 3.30300995e+02, 4.48181580e+02,
    4.50325256e+02, 4.23045288e+02, 4.20897888e+02, 4.23314697e+02,
    3.90633942e+02, 4.24223297e+02, 3.59344635e+02, 4.24648499e+02,
    3.27431091e+02, 4.25432922e+02 ]
