%YAML:1.0
---
points: [ 1.06441574e+02, 2.16904861e+02, 9.58854294e+01, 2.17825378e+02,
    8.52021561e+01, 2.18803802e+02, 7.41994781e+01, 2.19845444e+02,
    6.30952530e+01, 2.20827164e+02, 1.04619896e+02, 2.08634659e+02,
    9.42618256e+01, 2.09537201e+02, 8.36240616e+01, 2.10363708e+02,
    7.28107910e+01, 2.11232269e+02, 6.16815872e+01, 2.12065933e+02,
    1.02897408e+02, 2.00593201e+02, 9.26538849e+01, 2.01307419e+02,
    8.21772003e+01, 2.02065872e+02, 7.13622665e+01, 2.02750076e+02,
    6.03825874e+01, 2.03655502e+02, 1.01274521e+02, 1.92645355e+02,
    9.11285095e+01, 1.93214203e+02, 8.06648483e+01, 1.93826843e+02,
    7.01502075e+01, 1.94600983e+02, 5.91517677e+01, 1.95046585e+02,
    9.96284561e+01, 1.84811493e+02, 8.95039215e+01, 1.85482635e+02,
    7.92386627e+01, 1.85862885e+02, 6.86893692e+01, 1.86526749e+02,
    5.79761772e+01, 1.86962112e+02, 9.80834656e+01, 1.77304367e+02,
    8.80878296e+01, 1.77653427e+02, 7.78446884e+01, 1.78101410e+02,
    6.73943481e+01, 1.78616699e+02, 5.67711868e+01, 1.78818314e+02,
    9.64957428e+01, 1.69806412e+02, 8.65443878e+01, 1.69974884e+02,
    7.64778900e+01, 1.70545914e+02, 6.61316986e+01, 1.70701385e+02,
    5.57109108e+01, 1.71049438e+02 ]
