%YAML:1.0
---
points: [ 9.72410660e+01, 1.87226730e+02, 9.88531494e+01, 1.94819031e+02,
    1.00427315e+02, 2.02772827e+02, 1.02134537e+02, 2.10680756e+02,
    1.03584305e+02, 2.18923553e+02, 8.75108337e+01, 1.87666443e+02,
    8.89118576e+01, 1.95588104e+02, 9.04342728e+01, 2.03589813e+02,
    9.19314346e+01, 2.11630692e+02, 9.35790787e+01, 2.19880829e+02,
    7.73947754e+01, 1.88307800e+02, 7.89034805e+01, 1.96229156e+02,
    8.02097549e+01, 2.04318817e+02, 8.17502823e+01, 2.12560394e+02,
    8.31718597e+01, 2.20865234e+02, 6.72590485e+01, 1.88759705e+02,
    6.85148315e+01, 1.96747498e+02, 6.99095917e+01, 2.04960114e+02,
    7.12506790e+01, 2.13390656e+02, 7.26217575e+01, 2.21930450e+02,
    5.68674316e+01, 1.89434982e+02, 5.81265259e+01, 1.97660782e+02,
    5.92261620e+01, 2.05886032e+02, 6.04417648e+01, 2.14381485e+02,
    6.17348824e+01, 2.22931732e+02, 4.63118324e+01, 1.89902557e+02,
    4.73400459e+01, 1.98251175e+02, 4.84498329e+01, 2.06720947e+02,
    4.95985260e+01, 2.15253128e+02, 5.07422333e+01, 2.24014526e+02,
    3.56178932e+01, 1.90525345e+02, 3.65876656e+01, 1.98880478e+02,
    3.75502586e+01, 2.07443542e+02, 3.85356255e+01, 2.16212326e+02,
    3.95941925e+01, 2.25038284e+02 ]
