%YAML:1.0
---
points: [ 8.06798340e+02, 4.46020630e+02, 8.10190063e+02, 4.68845581e+02,
    8.13400757e+02, 4.91764679e+02, 8.16792053e+02, 5.14774231e+02,
    8.19878418e+02, 5.38060608e+02, 7.84613647e+02, 4.47538116e+02,
    7.87676819e+02, 4.70694794e+02, 7.91077698e+02, 4.93804901e+02,
    7.94544922e+02, 5.17171631e+02, 7.97794189e+02, 5.40429443e+02,
    7.61773804e+02, 4.49383057e+02, 7.65060181e+02, 4.72502045e+02,
    7.68542175e+02, 4.96025330e+02, 7.71691101e+02, 5.19438660e+02,
    7.75363647e+02, 5.42998291e+02, 7.38607483e+02, 4.50645569e+02,
    7.42196533e+02, 4.74498016e+02, 7.45398499e+02, 4.98152161e+02,
    7.48793030e+02, 5.21683533e+02, 7.52225525e+02, 5.45520874e+02,
    7.15158142e+02, 4.52427094e+02, 7.18364563e+02, 4.76358673e+02,
    7.21793518e+02, 5.00329315e+02, 7.25025818e+02, 5.24113342e+02,
    7.28440247e+02, 5.48391968e+02, 6.91077026e+02, 4.54163025e+02,
    6.94420593e+02, 4.78207428e+02, 6.97595581e+02, 5.02359711e+02,
    7.01161682e+02, 5.26584595e+02, 7.04390564e+02, 5.50750244e+02,
    6.66321167e+02, 4.55606201e+02, 6.69645325e+02, 4.80243500e+02,
    6.72914978e+02, 5.04557526e+02, 6.76214783e+02, 5.29100647e+02,
    6.79509766e+02, 5.53698914e+02 ]
