%YAML:1.0
---
points: [ 9.82984390e+01, 1.79164581e+02, 9.95073547e+01, 1.87865112e+02,
    1.00647461e+02, 1.96754227e+02, 1.01783371e+02, 2.05619492e+02,
    1.02890472e+02, 2.14590500e+02, 8.86076736e+01, 1.79654297e+02,
    8.97649841e+01, 1.88561829e+02, 9.09843140e+01, 1.97587006e+02,
    9.20753250e+01, 2.06497147e+02, 9.32445450e+01, 2.15469757e+02,
    7.87190399e+01, 1.80064941e+02, 7.98876801e+01, 1.89128326e+02,
    8.09921875e+01, 1.98147263e+02, 8.21960526e+01, 2.07247818e+02,
    8.32652588e+01, 2.16400757e+02, 6.86902466e+01, 1.80616302e+02,
    6.98084106e+01, 1.89703857e+02, 7.09904022e+01, 1.98864807e+02,
    7.20671005e+01, 2.08095627e+02, 7.31933365e+01, 2.17434494e+02,
    5.84588966e+01, 1.81093552e+02, 5.95250702e+01, 1.90491470e+02,
    6.06219864e+01, 1.99677307e+02, 6.17163734e+01, 2.09019608e+02,
    6.27279892e+01, 2.18424438e+02, 4.80676918e+01, 1.81714966e+02,
    4.90638885e+01, 1.91053802e+02, 5.00801086e+01, 2.00527573e+02,
    5.11363525e+01, 2.09848251e+02, 5.23098526e+01, 2.19478668e+02,
    3.75150719e+01, 1.82214981e+02, 3.84751625e+01, 1.91747498e+02,
    3.95071754e+01, 2.01192535e+02, 4.05377884e+01, 2.10827072e+02,
    4.14962387e+01, 2.20406601e+02 ]
