%YAML:1.0
---
points: [ 7.23782593e+02, 4.50047089e+02, 7.22460632e+02, 4.74732697e+02,
    7.20856079e+02, 4.99145966e+02, 7.18942505e+02, 5.23609314e+02,
    7.17508728e+02, 5.48151123e+02, 7.04559204e+02, 4.49581482e+02,
    7.03234863e+02, 4.73604034e+02, 7.01802673e+02, 4.97996155e+02,
    6.99988464e+02, 5.22351501e+02, 6.98556824e+02, 5.46459351e+02,
    6.85752258e+02, 4.48863617e+02, 6.84546448e+02, 4.72819916e+02,
    6.82971924e+02, 4.96940216e+02, 6.81566406e+02, 5.20657349e+02,
    6.79815063e+02, 5.44609436e+02, 6.67489502e+02, 4.48152740e+02,
    6.66052246e+02, 4.71981445e+02, 6.64617920e+02, 4.95809357e+02,
    6.62937805e+02, 5.19426819e+02, 6.61482422e+02, 5.43268738e+02,
    6.49440918e+02, 4.47538208e+02, 6.48054077e+02, 4.71171051e+02,
    6.46696533e+02, 4.94539368e+02, 6.44767639e+02, 5.18124756e+02,
    6.43432983e+02, 5.41565002e+02, 6.31578430e+02, 4.46858887e+02,
    6.30124695e+02, 4.70306641e+02, 6.28602844e+02, 4.93432922e+02,
    6.27315308e+02, 5.16809509e+02, 6.25622375e+02, 5.39985046e+02,
    6.13817383e+02, 4.46309418e+02, 6.12617371e+02, 4.69431885e+02,
    6.11394958e+02, 4.92374725e+02, 6.09650940e+02, 5.15327026e+02,
    6.08276367e+02, 5.38562805e+02 ]
