%YAML:1.0
---
points: [ 4.56425995e+02, 4.49747833e+02, 4.59847534e+02, 4.75225800e+02,
    4.62987122e+02, 5.00614410e+02, 4.66105377e+02, 5.25789551e+02,
    4.69357300e+02, 5.51414673e+02, 4.27707794e+02, 4.50775055e+02,
    4.30915985e+02, 4.76573151e+02, 4.33954071e+02, 5.02378754e+02,
    4.37414764e+02, 5.28134888e+02, 4.40326416e+02, 5.54249329e+02,
    3.98040436e+02, 4.52177856e+02, 4.01451508e+02, 4.78151306e+02,
    4.04507050e+02, 5.04226990e+02, 4.07462280e+02, 5.30404602e+02,
    4.10967987e+02, 5.56631836e+02, 3.67880798e+02, 4.53483826e+02,
    3.71022675e+02, 4.79719299e+02, 3.74330444e+02, 5.06321228e+02,
    3.77327667e+02, 5.32767273e+02, 3.80389496e+02, 5.59534668e+02,
    3.36826019e+02, 4.54664246e+02, 3.39794342e+02, 4.81471313e+02,
    3.43093658e+02, 5.08278778e+02, 3.45906006e+02, 5.35226624e+02,
    3.48975006e+02, 5.62254456e+02, 3.04932678e+02, 4.55893341e+02,
    3.07822632e+02, 4.83039215e+02, 3.11052124e+02, 5.10446350e+02,
    3.13824402e+02, 5.37963501e+02, 3.16960052e+02, 5.65335388e+02,
    2.72032532e+02, 4.57238464e+02, 2.75206940e+02, 4.84743164e+02,
    2.78018738e+02, 5.12626831e+02, 2.80870239e+02, 5.40270264e+02,
    2.83809540e+02, 5.68266418e+02 ]
