%YAML:1.0
---
points: [ 2.62581207e+02, 1.78559906e+02, 2.61791809e+02, 1.86773056e+02,
    2.60997955e+02, 1.94945572e+02, 2.60116974e+02, 2.03331818e+02,
    2.59243561e+02, 2.11720551e+02, 2.54785309e+02, 1.78637482e+02,
    2.53937897e+02, 1.86720947e+02, 2.53098663e+02, 1.94912247e+02,
    2.52171921e+02, 2.03154877e+02, 2.51320114e+02, 2.11554825e+02,
    2.47124557e+02, 1.78668808e+02, 2.46219376e+02, 1.86726898e+02,
    2.45341614e+02, 1.94854309e+02, 2.44435852e+02, 2.03031998e+02,
    2.43433563e+02, 2.11331116e+02, 2.39463120e+02, 1.78797409e+02,
    2.38608109e+02, 1.86766937e+02, 2.37706238e+02, 1.94820786e+02,
    2.36746262e+02, 2.02862213e+02, 2.35861359e+02, 2.11145950e+02,
    2.32106079e+02, 1.78875885e+02, 2.31157547e+02, 1.86764893e+02,
    2.30276169e+02, 1.94777985e+02, 2.29281082e+02, 2.02813034e+02,
    2.28272552e+02, 2.10904953e+02, 2.24728989e+02, 1.78905106e+02,
    2.23807846e+02, 1.86816483e+02, 2.22872009e+02, 1.94741333e+02,
    2.21885880e+02, 2.02695419e+02, 2.20888275e+02, 2.10735077e+02,
    2.17590668e+02, 1.78986237e+02, 2.16653580e+02, 1.86720306e+02,
    2.15597244e+02, 1.94624466e+02, 2.14634689e+02, 2.02573975e+02,
    2.13580612e+02, 2.10528580e+02 ]
