%YAML:1.0
---
points: [ 1.40097107e+02, 2.04038803e+02, 1.33268661e+02, 2.05603424e+02,
    1.26034592e+02, 2.07248672e+02, 1.18328102e+02, 2.09012787e+02,
    1.10629921e+02, 2.10673355e+02, 1.36948257e+02, 1.95950150e+02,
    1.30376114e+02, 1.97248703e+02, 1.23125015e+02, 1.98765564e+02,
    1.15384842e+02, 2.00196259e+02, 1.07611382e+02, 2.01822571e+02,
    1.34821686e+02, 1.87606400e+02, 1.27610229e+02, 1.88912903e+02,
    1.20130798e+02, 1.90164413e+02, 1.12590820e+02, 1.91479095e+02,
    1.04634529e+02, 1.92934113e+02, 1.31573959e+02, 1.79334351e+02,
    1.25253662e+02, 1.80348740e+02, 1.17550079e+02, 1.81503189e+02,
    1.09818016e+02, 1.82780273e+02, 1.01777802e+02, 1.84005783e+02,
    1.29608261e+02, 1.71114014e+02, 1.21932205e+02, 1.72121872e+02,
    1.14630524e+02, 1.73024933e+02, 1.06883965e+02, 1.74035751e+02,
    9.87901382e+01, 1.75099854e+02, 1.26104057e+02, 1.62899307e+02,
    1.19590858e+02, 1.63525635e+02, 1.11818764e+02, 1.64435089e+02,
    1.04047958e+02, 1.65201950e+02, 9.59339523e+01, 1.66064133e+02,
    1.23845253e+02, 1.54609268e+02, 1.17789818e+02, 1.54973099e+02,
    1.09140305e+02, 1.55715317e+02, 1.01241486e+02, 1.56460129e+02,
    9.30313644e+01, 1.57061661e+02 ]
