%YAML:1.0
---
points: [ 1.22971397e+02, 1.76744446e+02, 1.24132240e+02, 1.85576004e+02,
    1.25200943e+02, 1.94094727e+02, 1.26403419e+02, 2.02843658e+02,
    1.27288948e+02, 2.11318039e+02, 1.22971382e+02, 1.76744461e+02,
    1.24132233e+02, 1.85576004e+02, 1.25200935e+02, 1.94094742e+02,
    1.21347183e+02, 2.03995850e+02, 1.27288940e+02, 2.11318039e+02,
    1.18173088e+02, 1.77542145e+02, 1.19331146e+02, 1.86499985e+02,
    1.20307755e+02, 1.95404083e+02, 1.21347176e+02, 2.03995850e+02,
    1.22300331e+02, 2.12864990e+02, 1.11775940e+02, 1.78473190e+02,
    1.13042976e+02, 1.87622406e+02, 1.13952255e+02, 1.96670898e+02,
    1.15539185e+02, 2.05611801e+02, 1.16735695e+02, 2.14414337e+02,
    1.05864769e+02, 1.79343979e+02, 1.06939392e+02, 1.88698776e+02,
    1.08377541e+02, 1.97901443e+02, 1.09410164e+02, 2.07173599e+02,
    1.10881065e+02, 2.16204865e+02, 9.99403915e+01, 1.80222717e+02,
    1.00860825e+02, 1.89798401e+02, 1.02129250e+02, 1.99240555e+02,
    1.03475220e+02, 2.08654480e+02, 1.04606850e+02, 2.18033630e+02,
    8.97321396e+01, 1.81749527e+02, 9.10156326e+01, 1.91644394e+02,
    9.23946075e+01, 2.01471695e+02, 9.36102142e+01, 2.11143372e+02,
    9.48370972e+01, 2.20924103e+02 ]
