%YAML:1.0
---
points: [ 4.54908203e+02, 2.09436523e+02, 4.44663818e+02, 2.08969803e+02,
    4.34371033e+02, 2.08588745e+02, 4.24250854e+02, 2.07951340e+02,
    4.14363953e+02, 2.07609085e+02, 4.55547333e+02, 2.00099899e+02,
    4.45138428e+02, 1.99684311e+02, 4.34927368e+02, 1.99294418e+02,
    4.24830231e+02, 1.98799759e+02, 4.14854156e+02, 1.98636856e+02,
    4.56056122e+02, 1.90638870e+02, 4.45773834e+02, 1.90493271e+02,
    4.35525513e+02, 1.90088531e+02, 4.25448456e+02, 1.89815140e+02,
    4.15471588e+02, 1.89570587e+02, 4.56639191e+02, 1.81381256e+02,
    4.46264557e+02, 1.80993912e+02, 4.35878693e+02, 1.80771698e+02,
    4.25899475e+02, 1.80714066e+02, 4.15913300e+02, 1.80647568e+02,
    4.57063202e+02, 1.71814514e+02, 4.46780396e+02, 1.71776993e+02,
    4.36492645e+02, 1.71686569e+02, 4.26441071e+02, 1.71663940e+02,
    4.16458038e+02, 1.71523483e+02, 4.57613159e+02, 1.62715820e+02,
    4.47124512e+02, 1.62615753e+02, 4.36878754e+02, 1.62643372e+02,
    4.26863861e+02, 1.62582581e+02, 4.16925507e+02, 1.62596786e+02,
    4.57932983e+02, 1.53138992e+02, 4.47691101e+02, 1.53299667e+02,
    4.37474518e+02, 1.53228104e+02, 4.27441925e+02, 1.53437622e+02,
    4.17554657e+02, 1.53473053e+02 ]
