%YAML:1.0
---
points: [ 2.27701477e+02, 3.76784332e+02, 2.57353790e+02, 3.77840149e+02,
    2.86614563e+02, 3.78711792e+02, 3.15840454e+02, 3.79747620e+02,
    3.45491669e+02, 3.80822693e+02, 2.25615143e+02, 4.05057159e+02,
    2.55351227e+02, 4.05856079e+02, 2.85248749e+02, 4.07045715e+02,
    3.14145569e+02, 4.07649078e+02, 3.43761841e+02, 4.08707642e+02,
    2.23788498e+02, 4.33428650e+02, 2.53706619e+02, 4.34236023e+02,
    2.83170685e+02, 4.34937866e+02, 3.12522736e+02, 4.35846313e+02,
    3.42083191e+02, 4.36749847e+02, 2.21797882e+02, 4.61557678e+02,
    2.51387741e+02, 4.62394592e+02, 2.81155090e+02, 4.63253632e+02,
    3.10546021e+02, 4.64221558e+02, 3.40363678e+02, 4.65062927e+02,
    2.19840363e+02, 4.90051270e+02, 2.49688202e+02, 4.90821594e+02,
    2.79559845e+02, 4.91581329e+02, 3.09044434e+02, 4.92459686e+02,
    3.38623993e+02, 4.93331390e+02, 2.18030746e+02, 5.18566650e+02,
    2.47795319e+02, 5.19380127e+02, 2.77497375e+02, 5.19993042e+02,
    3.07210480e+02, 5.20840515e+02, 3.36778351e+02, 5.21659851e+02,
    2.15638474e+02, 5.47181396e+02, 2.45504089e+02, 5.48002380e+02,
    2.75439209e+02, 5.48621704e+02, 3.05439941e+02, 5.49484375e+02,
    3.34988342e+02, 5.50311707e+02 ]
