%YAML:1.0
---
points: [ 2.36244469e+01, 1.54970871e+02, 3.28594780e+01, 1.54896667e+02,
    4.26128616e+01, 1.55191162e+02, 5.21153984e+01, 1.55337128e+02,
    6.19309998e+01, 1.55699356e+02, 2.27449512e+01, 1.64522858e+02,
    3.23609467e+01, 1.64735886e+02, 4.18779068e+01, 1.64791901e+02,
    5.16263962e+01, 1.64930222e+02, 6.14533920e+01, 1.65220566e+02,
    2.21673412e+01, 1.74266388e+02, 3.16768150e+01, 1.74376785e+02,
    4.13158913e+01, 1.74641800e+02, 5.09503555e+01, 1.74719391e+02,
    6.08027382e+01, 1.74904297e+02, 2.15171165e+01, 1.83717209e+02,
    3.09213562e+01, 1.83970764e+02, 4.06978722e+01, 1.84251511e+02,
    5.04942627e+01, 1.84583237e+02, 6.03803520e+01, 1.84612473e+02,
    2.08721523e+01, 1.93799026e+02, 3.04696598e+01, 1.93772583e+02,
    4.01704216e+01, 1.94014496e+02, 4.98829880e+01, 1.94264496e+02,
    5.98121910e+01, 1.94646606e+02, 2.02907429e+01, 2.03455887e+02,
    2.98290997e+01, 2.03703827e+02, 3.96407509e+01, 2.03755768e+02,
    4.95033264e+01, 2.03984100e+02, 5.92548485e+01, 2.04281479e+02,
    1.96480865e+01, 2.13305511e+02, 2.92587357e+01, 2.13560516e+02,
    3.88958473e+01, 2.13803848e+02, 4.87698288e+01, 2.13845276e+02,
    5.87361488e+01, 2.14229584e+02 ]
