%YAML:1.0
---
points: [ 1.55609229e+03, 5.17523621e+02, 1.54855334e+03, 5.69770813e+02,
    1.54065491e+03, 6.21516602e+02, 1.53272559e+03, 6.73271057e+02,
    1.52523352e+03, 7.25137024e+02, 1.50215283e+03, 5.13078430e+02,
    1.49512354e+03, 5.63189026e+02, 1.48767029e+03, 6.13221680e+02,
    1.47996045e+03, 6.62891846e+02, 1.47276270e+03, 7.12749146e+02,
    1.45263550e+03, 5.08809113e+02, 1.44555688e+03, 5.57129822e+02,
    1.43846338e+03, 6.05372009e+02, 1.43151807e+03, 6.53399841e+02,
    1.42428394e+03, 7.01279846e+02, 1.40640320e+03, 5.05296417e+02,
    1.39950647e+03, 5.51660217e+02, 1.39255334e+03, 5.98180359e+02,
    1.38576135e+03, 6.44392822e+02, 1.37931067e+03, 6.90740112e+02,
    1.36326685e+03, 5.01747803e+02, 1.35660657e+03, 5.46592102e+02,
    1.35005505e+03, 5.91526306e+02, 1.34363257e+03, 6.35987427e+02,
    1.33710242e+03, 6.80684692e+02, 1.32262366e+03, 4.98456543e+02,
    1.31651941e+03, 5.41917847e+02, 1.31041284e+03, 5.85315125e+02,
    1.30417651e+03, 6.28406921e+02, 1.29768250e+03, 6.71315430e+02,
    1.28497083e+03, 4.95481720e+02, 1.27900610e+03, 5.37463074e+02,
    1.27300964e+03, 5.79367737e+02, 1.26702930e+03, 6.20959778e+02,
    1.26085840e+03, 6.62636169e+02 ]
