%YAML:1.0
---
points: [ 1.46553796e+03, 5.93303833e+02, 1.42624927e+03, 5.89249390e+02,
    1.38827979e+03, 5.85406555e+02, 1.35177026e+03, 5.81402588e+02,
    1.31676501e+03, 5.77664734e+02, 1.46948413e+03, 5.57184692e+02,
    1.42981152e+03, 5.53624146e+02, 1.39207727e+03, 5.50617310e+02,
    1.35562683e+03, 5.47520325e+02, 1.32059460e+03, 5.44540955e+02,
    1.47337219e+03, 5.21043823e+02, 1.43363611e+03, 5.18478271e+02,
    1.39589319e+03, 5.15989563e+02, 1.35933936e+03, 5.13734009e+02,
    1.32417200e+03, 5.11569397e+02, 1.47706201e+03, 4.84908203e+02,
    1.43736365e+03, 4.82926849e+02, 1.39955371e+03, 4.81407745e+02,
    1.36287769e+03, 4.79809082e+02, 1.32793237e+03, 4.78408905e+02,
    1.48067700e+03, 4.48839996e+02, 1.44131641e+03, 4.48150146e+02,
    1.40326550e+03, 4.46954803e+02, 1.36680798e+03, 4.46115753e+02,
    1.33165015e+03, 4.45330078e+02, 1.48476978e+03, 4.12932343e+02,
    1.44491553e+03, 4.12655304e+02, 1.40720410e+03, 4.12609497e+02,
    1.37047681e+03, 4.12412811e+02, 1.33532446e+03, 4.12011597e+02,
    1.48861475e+03, 3.77232483e+02, 1.44898767e+03, 3.77561188e+02,
    1.41107837e+03, 3.77917633e+02, 1.37449146e+03, 3.78520020e+02,
    1.33898633e+03, 3.79014221e+02 ]
