%YAML:1.0
---
points: [ 4.55000061e+02, 2.27586365e+02, 4.41426849e+02, 2.26346237e+02,
    4.28018036e+02, 2.24986694e+02, 4.15206635e+02, 2.23857956e+02,
    4.02701447e+02, 2.22672211e+02, 4.56320770e+02, 2.15138306e+02,
    4.42620209e+02, 2.13985687e+02, 4.29362274e+02, 2.12999573e+02,
    4.15974945e+02, 2.11800919e+02, 4.04338165e+02, 2.10948792e+02,
    4.57540375e+02, 2.02559799e+02, 4.43853333e+02, 2.01741714e+02,
    4.30551788e+02, 2.00896988e+02, 4.17660583e+02, 2.00099854e+02,
    4.05185425e+02, 1.99521011e+02, 4.58684174e+02, 1.90046997e+02,
    4.45034119e+02, 1.89553635e+02, 4.31729858e+02, 1.88855057e+02,
    4.18842072e+02, 1.88403473e+02, 4.06225922e+02, 1.87834564e+02,
    4.59758453e+02, 1.77580429e+02, 4.46182739e+02, 1.77300247e+02,
    4.32875031e+02, 1.76808533e+02, 4.19986023e+02, 1.76700272e+02,
    4.07593994e+02, 1.76391479e+02, 4.60901794e+02, 1.65313919e+02,
    4.47353027e+02, 1.64984833e+02, 4.34102264e+02, 1.64908936e+02,
    4.21197205e+02, 1.64771423e+02, 4.08667389e+02, 1.64742538e+02,
    4.62055908e+02, 1.52753540e+02, 4.48376099e+02, 1.52884689e+02,
    4.35191528e+02, 1.52887268e+02, 4.22326019e+02, 1.53162796e+02,
    4.09885437e+02, 1.53302200e+02 ]
