%YAML:1.0
---
points: [ 1.46608899e+03, 5.94440491e+02, 1.42559680e+03, 5.91306213e+02,
    1.38641443e+03, 5.87771057e+02, 1.34866443e+03, 5.84719482e+02,
    1.31228552e+03, 5.81741150e+02, 1.46908752e+03, 5.57802490e+02,
    1.42836755e+03, 5.55342712e+02, 1.38949829e+03, 5.52720398e+02,
    1.35179614e+03, 5.50434937e+02, 1.31537476e+03, 5.48148010e+02,
    1.47164563e+03, 5.21565430e+02, 1.43124878e+03, 5.19625061e+02,
    1.39228735e+03, 5.17813171e+02, 1.35462512e+03, 5.16064880e+02,
    1.31827979e+03, 5.14377136e+02, 1.47459424e+03, 4.85305145e+02,
    1.43394287e+03, 4.83940247e+02, 1.39533887e+03, 4.82968292e+02,
    1.35750110e+03, 4.81778290e+02, 1.32135669e+03, 4.80789001e+02,
    1.47725391e+03, 4.49434723e+02, 1.43701697e+03, 4.48831451e+02,
    1.39798865e+03, 4.48365540e+02, 1.36040295e+03, 4.47887421e+02,
    1.32417810e+03, 4.47422699e+02, 1.48024988e+03, 4.13465424e+02,
    1.43968689e+03, 4.13421051e+02, 1.40110205e+03, 4.13607208e+02,
    1.36349329e+03, 4.13649139e+02, 1.32728601e+03, 4.13706329e+02,
    1.48306384e+03, 3.77773376e+02, 1.44272461e+03, 3.78304016e+02,
    1.40398218e+03, 3.78981445e+02, 1.36652576e+03, 3.79907532e+02,
    1.33028210e+03, 3.80606018e+02 ]
