%YAML:1.0
---
points: [ 4.55382904e+02, 2.27990143e+02, 4.41445648e+02, 2.26970871e+02,
    4.27778320e+02, 2.25875702e+02, 4.14488708e+02, 2.24968323e+02,
    4.01545227e+02, 2.23996918e+02, 4.56326660e+02, 2.15531540e+02,
    4.42296234e+02, 2.14589630e+02, 4.28779938e+02, 2.13792313e+02,
    4.14403595e+02, 2.12382477e+02, 4.02514557e+02, 2.12212189e+02,
    4.57152954e+02, 2.02746094e+02, 4.43255066e+02, 2.02181412e+02,
    4.29554504e+02, 2.01597351e+02, 4.16368622e+02, 2.00909470e+02,
    4.03420349e+02, 2.00497345e+02, 4.57941376e+02, 1.90300919e+02,
    4.44043152e+02, 1.89725189e+02, 4.30560822e+02, 1.89535873e+02,
    4.17252075e+02, 1.88979248e+02, 4.04282959e+02, 1.88721939e+02,
    4.58716980e+02, 1.77650879e+02, 4.44840759e+02, 1.77676041e+02,
    4.31386230e+02, 1.77429642e+02, 4.18134735e+02, 1.77195557e+02,
    4.05308228e+02, 1.77016708e+02, 4.59442566e+02, 1.65528244e+02,
    4.45765869e+02, 1.65300644e+02, 4.32157501e+02, 1.65495728e+02,
    4.19003662e+02, 1.65437775e+02, 4.06178711e+02, 1.65527527e+02,
    4.60252838e+02, 1.52888474e+02, 4.46536926e+02, 1.53127228e+02,
    4.33029480e+02, 1.53388901e+02, 4.19921906e+02, 1.53706314e+02,
    4.07095062e+02, 1.53706802e+02 ]
