%YAML:1.0
---
points: [ 4.92678497e+02, 1.79560440e+02, 4.94223694e+02, 1.88701889e+02,
    4.95835236e+02, 1.98549240e+02, 4.97390808e+02, 2.07918335e+02,
    4.98944031e+02, 2.17862030e+02, 4.83003845e+02, 1.79685486e+02,
    4.84500214e+02, 1.89260544e+02, 4.86031738e+02, 1.98620056e+02,
    4.87497559e+02, 2.08626434e+02, 4.89201080e+02, 2.18162094e+02,
    4.73136688e+02, 1.80111542e+02, 4.74540283e+02, 1.89548874e+02,
    4.76172028e+02, 1.99144333e+02, 4.77551025e+02, 2.08699463e+02,
    4.79136230e+02, 2.18680725e+02, 4.63304291e+02, 1.80503616e+02,
    4.64688812e+02, 1.89875549e+02, 4.66154938e+02, 1.99456329e+02,
    4.67550110e+02, 2.09105957e+02, 4.69122894e+02, 2.18798965e+02,
    4.53318542e+02, 1.80846237e+02, 4.54586456e+02, 1.90308716e+02,
    4.55962830e+02, 1.99802582e+02, 4.57396637e+02, 2.09561356e+02,
    4.58821289e+02, 2.19392395e+02, 4.43294373e+02, 1.81179413e+02,
    4.44622742e+02, 1.90697189e+02, 4.45863403e+02, 2.00171600e+02,
    4.47218140e+02, 2.09846390e+02, 4.48623596e+02, 2.19614792e+02,
    4.33173248e+02, 1.81729492e+02, 4.34458740e+02, 1.90896515e+02,
    4.35664368e+02, 2.00727524e+02, 4.36974152e+02, 2.10036911e+02,
    4.38244171e+02, 2.19923630e+02 ]
