%YAML:1.0
---
points: [ 4.50913330e+02, 2.40676682e+02, 4.35880829e+02, 2.39190704e+02,
    4.21408173e+02, 2.37484329e+02, 4.07265991e+02, 2.36086548e+02,
    3.93727631e+02, 2.34532288e+02, 4.53047302e+02, 2.28285004e+02,
    4.38115448e+02, 2.26939011e+02, 4.23730164e+02, 2.25769012e+02,
    4.09745300e+02, 2.24585968e+02, 3.96369904e+02, 2.23301331e+02,
    4.55041901e+02, 2.16155136e+02, 4.40246674e+02, 2.15195129e+02,
    4.25980804e+02, 2.14286743e+02, 4.12198181e+02, 2.13296478e+02,
    3.98848419e+02, 2.12310303e+02, 4.56753815e+02, 2.04496948e+02,
    4.42265961e+02, 2.03635849e+02, 4.28152313e+02, 2.02861420e+02,
    4.14458191e+02, 2.02135086e+02, 4.01297516e+02, 2.01524826e+02,
    4.58550354e+02, 1.92765137e+02, 4.44091522e+02, 1.92542923e+02,
    4.30282959e+02, 1.91845642e+02, 4.16663452e+02, 1.91622025e+02,
    4.03705292e+02, 1.90948502e+02, 4.60275970e+02, 1.81827637e+02,
    4.46060242e+02, 1.81448380e+02, 4.32305206e+02, 1.81300797e+02,
    4.18950653e+02, 1.80890030e+02, 4.05893799e+02, 1.80700897e+02,
    4.61946259e+02, 1.70858688e+02, 4.47828369e+02, 1.70717026e+02,
    4.34286835e+02, 1.70656845e+02, 4.21048523e+02, 1.70737015e+02,
    4.08229309e+02, 1.70619385e+02 ]
