%YAML:1.0
---
points: [ 1.77511121e+03, 6.81727417e+02, 1.73159961e+03, 6.88463745e+02,
    1.68720776e+03, 6.95478821e+02, 1.64157788e+03, 7.02439392e+02,
    1.59468823e+03, 7.09612061e+02, 1.76998572e+03, 6.28413513e+02,
    1.72632385e+03, 6.34509460e+02, 1.68138623e+03, 6.40814087e+02,
    1.63569861e+03, 6.47435303e+02, 1.58863989e+03, 6.54191956e+02,
    1.76477429e+03, 5.75305908e+02, 1.72083899e+03, 5.80786560e+02,
    1.67572180e+03, 5.86542053e+02, 1.62982800e+03, 5.92439941e+02,
    1.58263501e+03, 5.98453918e+02, 1.75961169e+03, 5.21861938e+02,
    1.71582874e+03, 5.26794250e+02, 1.67062500e+03, 5.32219788e+02,
    1.62441187e+03, 5.37585693e+02, 1.57679370e+03, 5.43157349e+02,
    1.75427417e+03, 4.68513824e+02, 1.71022900e+03, 4.72914185e+02,
    1.66496570e+03, 4.77653412e+02, 1.61877747e+03, 4.82425903e+02,
    1.57153149e+03, 4.87399719e+02, 1.74925549e+03, 4.15135437e+02,
    1.70543994e+03, 4.19110596e+02, 1.65960486e+03, 4.23294617e+02,
    1.61368164e+03, 4.27484283e+02, 1.56664490e+03, 4.31758942e+02,
    1.74362000e+03, 3.61837128e+02, 1.70040662e+03, 3.65180573e+02,
    1.65452844e+03, 3.68670227e+02, 1.60822546e+03, 3.72261414e+02,
    1.56119458e+03, 3.76073334e+02 ]
