%YAML:1.0
---
points: [ 1.44668921e+03, 6.30540894e+02, 1.40353101e+03, 6.25763855e+02,
    1.36248340e+03, 6.20701965e+02, 1.32278882e+03, 6.16432678e+02,
    1.28525183e+03, 6.11965698e+02, 1.45354773e+03, 5.94835815e+02,
    1.41090369e+03, 5.91049072e+02, 1.37013159e+03, 5.87280029e+02,
    1.33129675e+03, 5.83338806e+02, 1.29358838e+03, 5.79705017e+02,
    1.46025598e+03, 5.60218079e+02, 1.41795325e+03, 5.57042419e+02,
    1.37764673e+03, 5.54189758e+02, 1.33868384e+03, 5.51028992e+02,
    1.30172827e+03, 5.48446838e+02, 1.46688940e+03, 5.26053833e+02,
    1.42470752e+03, 5.23614197e+02, 1.38486633e+03, 5.21599915e+02,
    1.34635962e+03, 5.19429199e+02, 1.30959534e+03, 5.17360107e+02,
    1.47330420e+03, 4.93123962e+02, 1.43181921e+03, 4.91693787e+02,
    1.39188660e+03, 4.90276031e+02, 1.35403308e+03, 4.88773102e+02,
    1.31738245e+03, 4.87414307e+02, 1.47959998e+03, 4.60845398e+02,
    1.43835669e+03, 4.59718109e+02, 1.39926074e+03, 4.59503510e+02,
    1.36121863e+03, 4.58492126e+02, 1.32491675e+03, 4.57504181e+02,
    1.48565833e+03, 4.29557831e+02, 1.44473804e+03, 4.28903809e+02,
    1.40584009e+03, 4.29159302e+02, 1.36858032e+03, 4.29069519e+02,
    1.33241309e+03, 4.28693573e+02 ]
