%YAML:1.0
---
points: [ 1.52928577e+03, 4.83273987e+02, 1.52538464e+03, 5.19317261e+02,
    1.52126855e+03, 5.55777527e+02, 1.51694336e+03, 5.92652649e+02,
    1.51255139e+03, 6.30362915e+02, 1.48739514e+03, 4.81584717e+02,
    1.48322571e+03, 5.17338745e+02, 1.47876099e+03, 5.52880493e+02,
    1.47451746e+03, 5.88853149e+02, 1.47014062e+03, 6.25565918e+02,
    1.44709058e+03, 4.80382080e+02, 1.44261572e+03, 5.14942749e+02,
    1.43824268e+03, 5.49766235e+02, 1.43352429e+03, 5.85466125e+02,
    1.42891528e+03, 6.21280457e+02, 1.40813184e+03, 4.78626465e+02,
    1.40346643e+03, 5.12590881e+02, 1.39877136e+03, 5.47115295e+02,
    1.39438965e+03, 5.81517395e+02, 1.38952734e+03, 6.17075684e+02,
    1.37071558e+03, 4.77440521e+02, 1.36614001e+03, 5.10832153e+02,
    1.36132568e+03, 5.44436340e+02, 1.35651868e+03, 5.78374207e+02,
    1.35164478e+03, 6.12829102e+02, 1.33475952e+03, 4.75905487e+02,
    1.33013904e+03, 5.08878143e+02, 1.32531335e+03, 5.41694397e+02,
    1.32028027e+03, 5.75216125e+02, 1.31515613e+03, 6.08740906e+02,
    1.30025330e+03, 4.74520752e+02, 1.29544519e+03, 5.06715729e+02,
    1.29033875e+03, 5.39298950e+02, 1.28531140e+03, 5.71724243e+02,
    1.28013501e+03, 6.04925293e+02 ]
