%YAML:1.0
---
points: [ 1.27527271e+03, 3.78248962e+02, 1.31233398e+03, 3.79742004e+02,
    1.35161157e+03, 3.81139374e+02, 1.39342249e+03, 3.82560608e+02,
    1.43864136e+03, 3.84235504e+02, 1.26637329e+03, 4.19314911e+02,
    1.30320178e+03, 4.21888489e+02, 1.34242688e+03, 4.24780640e+02,
    1.38343347e+03, 4.27641113e+02, 1.42831982e+03, 4.30953094e+02,
    1.25785986e+03, 4.60116516e+02, 1.29427563e+03, 4.63983795e+02,
    1.33258289e+03, 4.68079193e+02, 1.37411621e+03, 4.72722076e+02,
    1.41783997e+03, 4.77455139e+02, 1.24904382e+03, 5.00619598e+02,
    1.28471619e+03, 5.05854401e+02, 1.32298572e+03, 5.11409088e+02,
    1.36365149e+03, 5.17396729e+02, 1.40766272e+03, 5.23753662e+02,
    1.24051123e+03, 5.40799500e+02, 1.27589490e+03, 5.47549377e+02,
    1.31380383e+03, 5.54538147e+02, 1.35431958e+03, 5.62084961e+02,
    1.39748438e+03, 5.70277527e+02, 1.23200122e+03, 5.81359009e+02,
    1.26710400e+03, 5.88876099e+02, 1.30454907e+03, 5.97519897e+02,
    1.34446143e+03, 6.06548035e+02, 1.38737500e+03, 6.16295837e+02,
    1.22297546e+03, 6.21417114e+02, 1.25817688e+03, 6.30566833e+02,
    1.29520593e+03, 6.40392517e+02, 1.33471741e+03, 6.50764832e+02,
    1.37753052e+03, 6.62219421e+02 ]
