%YAML:1.0
---
points: [ 4.71912750e+02, 1.87895584e+02, 4.70842041e+02, 2.00505722e+02,
    4.69775696e+02, 2.13374466e+02, 4.68621521e+02, 2.25818893e+02,
    4.67394531e+02, 2.38617752e+02, 4.58066528e+02, 1.87137985e+02,
    4.56976807e+02, 1.99765808e+02, 4.55863281e+02, 2.12140198e+02,
    4.54707245e+02, 2.24730331e+02, 4.53582642e+02, 2.37044724e+02,
    4.44346344e+02, 1.86682159e+02, 4.43364136e+02, 1.98766541e+02,
    4.42238068e+02, 2.11146118e+02, 4.41256592e+02, 2.23317047e+02,
    4.40069763e+02, 2.35625031e+02, 4.31119843e+02, 1.85931519e+02,
    4.30013153e+02, 1.98040283e+02, 4.29129791e+02, 2.10123718e+02,
    4.28040741e+02, 2.22134842e+02, 4.27028595e+02, 2.34126450e+02,
    4.18140686e+02, 1.85590805e+02, 4.17236694e+02, 1.97320984e+02,
    4.15845123e+02, 2.08887497e+02, 4.15218872e+02, 2.20959778e+02,
    4.14094116e+02, 2.32767487e+02, 4.05570099e+02, 1.84844727e+02,
    4.04654266e+02, 1.96631317e+02, 4.04072052e+02, 2.08104599e+02,
    4.02707092e+02, 2.19824265e+02, 4.01763031e+02, 2.31421005e+02,
    3.93444550e+02, 1.84388672e+02, 3.92494843e+02, 1.95860336e+02,
    3.91584198e+02, 2.07365845e+02, 3.90612610e+02, 2.18707443e+02,
    3.89685944e+02, 2.30119263e+02 ]
