%YAML:1.0
---
points: [ 1.51647339e+03, 4.78437866e+02, 1.51302625e+03, 5.15235352e+02,
    1.50967542e+03, 5.51845032e+02, 1.50612341e+03, 5.88438965e+02,
    1.50272791e+03, 6.24743896e+02, 1.47535461e+03, 4.76541870e+02,
    1.47214758e+03, 5.12611023e+02, 1.46883325e+03, 5.48666931e+02,
    1.46547205e+03, 5.84481445e+02, 1.46229297e+03, 6.20223816e+02,
    1.43584558e+03, 4.74649078e+02, 1.43272766e+03, 5.10028442e+02,
    1.42941785e+03, 5.45419189e+02, 1.42650232e+03, 5.80575134e+02,
    1.42322522e+03, 6.15595337e+02, 1.39760144e+03, 4.72962524e+02,
    1.39468823e+03, 5.07721466e+02, 1.39155066e+03, 5.42481812e+02,
    1.38873584e+03, 5.76731506e+02, 1.38556226e+03, 6.11425110e+02,
    1.36114478e+03, 4.71359558e+02, 1.35823486e+03, 5.05530975e+02,
    1.35520837e+03, 5.39468384e+02, 1.35243237e+03, 5.73355896e+02,
    1.34934009e+03, 6.07165222e+02, 1.32584363e+03, 4.69765533e+02,
    1.32307324e+03, 5.03280273e+02, 1.32021472e+03, 5.36643066e+02,
    1.31736389e+03, 5.69950134e+02, 1.31446960e+03, 6.03058594e+02,
    1.29156238e+03, 4.68233765e+02, 1.28908228e+03, 5.01232117e+02,
    1.28615466e+03, 5.34016174e+02, 1.28356897e+03, 5.66491821e+02,
    1.28084888e+03, 5.99249634e+02 ]
