%YAML:1.0
---
points: [ 5.01120544e+02, 2.10628937e+02, 4.92354858e+02, 2.11715088e+02,
    4.83388702e+02, 2.12417007e+02, 4.74421051e+02, 2.13432281e+02,
    4.65058716e+02, 2.14099640e+02, 4.99240265e+02, 2.00915588e+02,
    4.90312683e+02, 2.01601471e+02, 4.81428864e+02, 2.02615677e+02,
    4.72402893e+02, 2.03285645e+02, 4.63187958e+02, 2.04170761e+02,
    4.97159760e+02, 1.91069595e+02, 4.88419525e+02, 1.92027206e+02,
    4.79572693e+02, 1.92707520e+02, 4.70372192e+02, 1.93642700e+02,
    4.61209076e+02, 1.94139130e+02, 4.95243713e+02, 1.81632004e+02,
    4.86466064e+02, 1.82148956e+02, 4.77614319e+02, 1.82836563e+02,
    4.68471527e+02, 1.83572220e+02, 4.59338898e+02, 1.84488297e+02,
    4.93184601e+02, 1.71801819e+02, 4.84497314e+02, 1.72669373e+02,
    4.75472565e+02, 1.73153671e+02, 4.66488434e+02, 1.73895035e+02,
    4.57316193e+02, 1.74518326e+02, 4.91173004e+02, 1.62620728e+02,
    4.82485992e+02, 1.62932312e+02, 4.73558289e+02, 1.63813370e+02,
    4.64652832e+02, 1.64256256e+02, 4.55393921e+02, 1.64924225e+02,
    4.89204346e+02, 1.52924667e+02, 4.80585754e+02, 1.53672409e+02,
    4.71685516e+02, 1.54065796e+02, 4.62706726e+02, 1.54796158e+02,
    4.53431458e+02, 1.55269562e+02 ]
