%YAML:1.0
---
points: [ 1.68832837e+03, 3.76442322e+02, 1.72069153e+03, 3.78277527e+02,
    1.75358704e+03, 3.80222656e+02, 1.78707458e+03, 3.81867737e+02,
    1.82029114e+03, 3.84125427e+02, 1.68657544e+03, 4.04710876e+02,
    1.71884558e+03, 4.06758362e+02, 1.75218799e+03, 4.08804657e+02,
    1.78550769e+03, 4.10659668e+02, 1.81892065e+03, 4.12883148e+02,
    1.68466870e+03, 4.33400879e+02, 1.71730566e+03, 4.35350647e+02,
    1.75038013e+03, 4.37598328e+02, 1.78380078e+03, 4.39812653e+02,
    1.81749414e+03, 4.42030060e+02, 1.68291199e+03, 4.61671326e+02,
    1.71573340e+03, 4.64223053e+02, 1.74889600e+03, 4.66411133e+02,
    1.78241931e+03, 4.68752167e+02, 1.81623865e+03, 4.71379852e+02,
    1.68107593e+03, 4.90468414e+02, 1.71424268e+03, 4.92803619e+02,
    1.74731421e+03, 4.95591003e+02, 1.78072046e+03, 4.98154785e+02,
    1.81460889e+03, 5.00783936e+02, 1.67955676e+03, 5.19088623e+02,
    1.71251721e+03, 5.21774536e+02, 1.74563562e+03, 5.24550903e+02,
    1.77940710e+03, 5.27426025e+02, 1.81330042e+03, 5.30237732e+02,
    1.67792847e+03, 5.48132263e+02, 1.71111938e+03, 5.50828674e+02,
    1.74430811e+03, 5.53786072e+02, 1.77774976e+03, 5.56759155e+02,
    1.81177039e+03, 5.60087646e+02 ]
