%YAML:1.0
---
points: [ 3.65584015e+02, 3.84091644e+02, 3.97401001e+02, 3.84137238e+02,
    4.28270111e+02, 3.84280396e+02, 4.58563782e+02, 3.84226959e+02,
    4.88525635e+02, 3.84564545e+02, 3.66589233e+02, 4.11068481e+02,
    3.98382324e+02, 4.10981201e+02, 4.29562958e+02, 4.10927216e+02,
    4.60038239e+02, 4.10658356e+02, 4.90246826e+02, 4.10458282e+02,
    3.67877777e+02, 4.38669891e+02, 3.99532013e+02, 4.37920441e+02,
    4.30723724e+02, 4.37625183e+02, 4.61389252e+02, 4.37130157e+02,
    4.91426514e+02, 4.36755066e+02, 3.69078400e+02, 4.65898895e+02,
    4.00715881e+02, 4.65222809e+02, 4.32233856e+02, 4.64462799e+02,
    4.62603729e+02, 4.63636963e+02, 4.92859070e+02, 4.63026550e+02,
    3.69975647e+02, 4.93530853e+02, 4.01957520e+02, 4.92462616e+02,
    4.33467346e+02, 4.91606842e+02, 4.64265289e+02, 4.90555328e+02,
    4.94413605e+02, 4.89579285e+02, 3.70979004e+02, 5.21307983e+02,
    4.03201355e+02, 5.20018372e+02, 4.34685150e+02, 5.18611389e+02,
    4.65471466e+02, 5.17458801e+02, 4.95752075e+02, 5.16231567e+02,
    3.72099548e+02, 5.49302917e+02, 4.04416809e+02, 5.47566284e+02,
    4.35825867e+02, 5.46035645e+02, 4.66765198e+02, 5.44585327e+02,
    4.97362701e+02, 5.43253906e+02 ]
