%YAML:1.0
---
points: [ 4.99216858e+02, 2.31032623e+02, 4.85014587e+02, 2.31562866e+02,
    4.70909851e+02, 2.31711288e+02, 4.56688293e+02, 2.32119583e+02,
    4.42426147e+02, 2.32470779e+02, 4.98132568e+02, 2.17687683e+02,
    4.84019745e+02, 2.17877396e+02, 4.69827667e+02, 2.18585556e+02,
    4.55603546e+02, 2.18748840e+02, 4.41378204e+02, 2.19330383e+02,
    4.97114227e+02, 2.04200821e+02, 4.82975433e+02, 2.04781647e+02,
    4.68781342e+02, 2.05120087e+02, 4.54639679e+02, 2.05792343e+02,
    4.40438446e+02, 2.06186844e+02, 4.95847290e+02, 1.90895187e+02,
    4.81866516e+02, 1.91454575e+02, 4.67791534e+02, 1.92042786e+02,
    4.53682434e+02, 1.92608673e+02, 4.39582550e+02, 1.93405823e+02,
    4.94654083e+02, 1.77670395e+02, 4.80768677e+02, 1.78592300e+02,
    4.66793762e+02, 1.78977463e+02, 4.52653015e+02, 1.79778961e+02,
    4.38726440e+02, 1.80324814e+02, 4.93477386e+02, 1.64882492e+02,
    4.79608856e+02, 1.65482574e+02, 4.65668060e+02, 1.66269180e+02,
    4.51794861e+02, 1.66843964e+02, 4.37765594e+02, 1.67746063e+02,
    4.92124268e+02, 1.51875198e+02, 4.78438507e+02, 1.52698074e+02,
    4.64586792e+02, 1.53462021e+02, 4.50641174e+02, 1.54293869e+02,
    4.36747437e+02, 1.54848602e+02 ]
