%YAML:1.0
---
points: [ 4.02639557e+02, 1.95669907e+02, 4.01854584e+02, 2.11435150e+02,
    4.00967896e+02, 2.27220520e+02, 4.00101044e+02, 2.42983765e+02,
    3.99194092e+02, 2.58852905e+02, 3.85996185e+02, 1.95041077e+02,
    3.85186340e+02, 2.10558548e+02, 3.84280701e+02, 2.26118118e+02,
    3.83441193e+02, 2.41620728e+02, 3.82556335e+02, 2.57082458e+02,
    3.69878632e+02, 1.94603043e+02, 3.69097076e+02, 2.09725494e+02,
    3.68161591e+02, 2.24976425e+02, 3.67373016e+02, 2.40126785e+02,
    3.66512634e+02, 2.55445312e+02, 3.54400543e+02, 1.94227112e+02,
    3.53497711e+02, 2.09060028e+02, 3.52743866e+02, 2.23957047e+02,
    3.51955505e+02, 2.38762543e+02, 3.51219818e+02, 2.53815704e+02,
    3.39440674e+02, 1.93651962e+02, 3.38668701e+02, 2.08282425e+02,
    3.37948242e+02, 2.22996002e+02, 3.37082642e+02, 2.37487930e+02,
    3.36205017e+02, 2.52204269e+02, 3.25209076e+02, 1.93330780e+02,
    3.24331238e+02, 2.07646255e+02, 3.23474335e+02, 2.21989288e+02,
    3.22727325e+02, 2.36279556e+02, 3.21956329e+02, 2.50705078e+02,
    3.11261200e+02, 1.92881378e+02, 3.10433685e+02, 2.07049438e+02,
    3.09673309e+02, 2.21061691e+02, 3.08924164e+02, 2.35119247e+02,
    3.08058868e+02, 2.49224365e+02 ]
