%YAML:1.0
---
points: [ 6.19371094e+02, 3.84184723e+02, 6.35499207e+02, 3.85744324e+02,
    6.52632507e+02, 3.87097046e+02, 6.66327881e+02, 3.88269257e+02,
    6.83003540e+02, 3.89777649e+02, 6.25547852e+02, 4.07338165e+02,
    6.41674988e+02, 4.08169861e+02, 6.56482239e+02, 4.08985352e+02,
    6.73776794e+02, 4.09785980e+02, 6.85521057e+02, 4.10540558e+02,
    6.31253967e+02, 4.30019409e+02, 6.47099304e+02, 4.30582611e+02,
    6.64705078e+02, 4.31192566e+02, 6.77064880e+02, 4.31533752e+02,
    6.93823059e+02, 4.31831512e+02, 6.37501709e+02, 4.53188995e+02,
    6.55338013e+02, 4.52993073e+02, 6.68380554e+02, 4.53087402e+02,
    6.85194702e+02, 4.52917725e+02, 6.96654541e+02, 4.53012756e+02,
    6.43488586e+02, 4.75904724e+02, 6.59080627e+02, 4.75583771e+02,
    6.76351807e+02, 4.75114349e+02, 6.88296631e+02, 4.74541901e+02,
    7.04550537e+02, 4.74146118e+02, 6.49400146e+02, 4.98699310e+02,
    6.67234131e+02, 4.97596313e+02, 6.79673523e+02, 4.96967743e+02,
    6.96732178e+02, 4.95984528e+02, 7.07786438e+02, 4.95122192e+02,
    6.55536377e+02, 5.21661072e+02, 6.71088501e+02, 5.20324463e+02,
    6.88130249e+02, 5.18637329e+02, 6.99803711e+02, 5.17689636e+02,
    7.16111938e+02, 5.16405090e+02 ]
