%YAML:1.0
---
points: [ 1.23908362e+03, 3.77192108e+02, 1.26147791e+03, 3.78260345e+02,
    1.28514758e+03, 3.79445465e+02, 1.30941321e+03, 3.80572754e+02,
    1.33625317e+03, 3.81991180e+02, 1.23069470e+03, 4.08159790e+02,
    1.25281128e+03, 4.10095245e+02, 1.27612927e+03, 4.12308746e+02,
    1.30038977e+03, 4.14170410e+02, 1.32658337e+03, 4.16689484e+02,
    1.22252856e+03, 4.39132660e+02, 1.24430066e+03, 4.41678711e+02,
    1.26720813e+03, 4.44720795e+02, 1.29129297e+03, 4.47821259e+02,
    1.31685059e+03, 4.51132843e+02, 1.21379553e+03, 4.69622772e+02,
    1.23548120e+03, 4.73129456e+02, 1.25822083e+03, 4.77076660e+02,
    1.28176331e+03, 4.81093231e+02, 1.30736462e+03, 4.85493835e+02,
    1.20615784e+03, 4.99980865e+02, 1.22734875e+03, 5.04589111e+02,
    1.24975317e+03, 5.09186584e+02, 1.27313782e+03, 5.14363220e+02,
    1.29792175e+03, 5.19551514e+02, 1.19759644e+03, 5.30349121e+02,
    1.21877454e+03, 5.35485413e+02, 1.24065527e+03, 5.41395142e+02,
    1.26397388e+03, 5.47265259e+02, 1.28853418e+03, 5.53593445e+02,
    1.18930933e+03, 5.60480042e+02, 1.21013831e+03, 5.66712708e+02,
    1.23174170e+03, 5.73223572e+02, 1.25471338e+03, 5.80130371e+02,
    1.27938855e+03, 5.87374023e+02 ]
