%YAML:1.0
---
points: [ 3.74228058e+02, 1.52671371e+02, 3.82505981e+02, 1.53039841e+02,
    3.91273590e+02, 1.53549484e+02, 4.00398712e+02, 1.53747314e+02,
    4.10165405e+02, 1.54348846e+02, 3.71203705e+02, 1.63510880e+02,
    3.79502899e+02, 1.64151596e+02, 3.88221649e+02, 1.64893753e+02,
    3.97204926e+02, 1.65623627e+02, 4.06797150e+02, 1.66473862e+02,
    3.68469727e+02, 1.74281418e+02, 3.76515625e+02, 1.75217026e+02,
    3.85091339e+02, 1.76267075e+02, 3.94137909e+02, 1.77304184e+02,
    4.03567902e+02, 1.78373764e+02, 3.65391693e+02, 1.84932175e+02,
    3.73474060e+02, 1.86168304e+02, 3.81919617e+02, 1.87466919e+02,
    3.90807678e+02, 1.88927017e+02, 4.00300903e+02, 1.90333420e+02,
    3.62704803e+02, 1.95587463e+02, 3.70587311e+02, 1.97156372e+02,
    3.78975677e+02, 1.98799713e+02, 3.87754547e+02, 2.00453171e+02,
    3.97063599e+02, 2.02313751e+02, 3.59760010e+02, 2.06195053e+02,
    3.67664948e+02, 2.08042221e+02, 3.75845398e+02, 2.10020813e+02,
    3.84568634e+02, 2.11993408e+02, 3.93742981e+02, 2.14243744e+02,
    3.56837219e+02, 2.16733185e+02, 3.64633789e+02, 2.18898132e+02,
    3.72737030e+02, 2.21130783e+02, 3.81397491e+02, 2.23481079e+02,
    3.90537811e+02, 2.26115295e+02 ]
