%YAML:1.0
---
points: [ 4.09919922e+02, 1.90611862e+02, 4.05718689e+02, 2.03124069e+02,
    4.01281555e+02, 2.15146255e+02, 3.96667664e+02, 2.27222107e+02,
    3.92559875e+02, 2.39453583e+02, 4.00777161e+02, 1.89144424e+02,
    3.96648285e+02, 2.01044510e+02, 3.92402252e+02, 2.12926910e+02,
    3.87964630e+02, 2.24685196e+02, 3.83871429e+02, 2.36510651e+02,
    3.92157532e+02, 1.87804642e+02, 3.88113983e+02, 1.99328110e+02,
    3.83932709e+02, 2.10785217e+02, 3.79789490e+02, 2.22252014e+02,
    3.75696289e+02, 2.33650467e+02, 3.83781555e+02, 1.86519379e+02,
    3.79783478e+02, 1.97696564e+02, 3.75892761e+02, 2.08894333e+02,
    3.71863403e+02, 2.19920883e+02, 3.67998260e+02, 2.31080505e+02,
    3.76088379e+02, 1.85290924e+02, 3.72066132e+02, 1.96167221e+02,
    3.68480469e+02, 2.07057175e+02, 3.64490356e+02, 2.17762268e+02,
    3.60663940e+02, 2.28526428e+02, 3.68146149e+02, 1.84142487e+02,
    3.65304291e+02, 1.94758774e+02, 3.60696411e+02, 2.05156006e+02,
    3.57628479e+02, 2.15756271e+02, 3.53753693e+02, 2.26184219e+02,
    3.59997559e+02, 1.83038239e+02, 3.59904694e+02, 1.93726639e+02,
    3.53975647e+02, 2.03532852e+02, 3.52134430e+02, 2.14203583e+02,
    3.47367493e+02, 2.24014160e+02 ]
