%YAML:1.0
---
points: [ 1.15773547e+03, 1.07501650e+01, 1.15758362e+03, 2.98595619e+01,
    1.15738037e+03, 4.91474266e+01, 1.15720557e+03, 6.78226852e+01,
    1.15676526e+03, 8.72021942e+01, 1.13893567e+03, 1.16076031e+01,
    1.13874011e+03, 3.05600719e+01, 1.13857336e+03, 4.98667450e+01,
    1.13842273e+03, 6.88639679e+01, 1.13829968e+03, 8.76280136e+01,
    1.12036523e+03, 1.24873190e+01, 1.12019348e+03, 3.15265388e+01,
    1.12009595e+03, 5.05212097e+01, 1.11989282e+03, 6.95629044e+01,
    1.11966284e+03, 8.84512405e+01, 1.10166748e+03, 1.32124081e+01,
    1.10157556e+03, 3.22140579e+01, 1.10151514e+03, 5.11573677e+01,
    1.10138977e+03, 7.03219910e+01, 1.10119727e+03, 8.92065430e+01,
    1.08321777e+03, 1.40086613e+01, 1.08316357e+03, 3.31477776e+01,
    1.08291687e+03, 5.20246811e+01, 1.08279041e+03, 7.09593277e+01,
    1.08259094e+03, 9.00094833e+01, 1.06471973e+03, 1.47327442e+01,
    1.06470068e+03, 3.38766365e+01, 1.06456079e+03, 5.27247047e+01,
    1.06447412e+03, 7.17274628e+01, 1.06440186e+03, 9.05648499e+01,
    1.04638074e+03, 1.53704071e+01, 1.04640857e+03, 3.44158630e+01,
    1.04613513e+03, 5.34554825e+01, 1.04609436e+03, 7.21893997e+01,
    1.04593420e+03, 9.14925766e+01 ]
