%YAML:1.0
---
points: [ 4.69523926e+02, 1.96227493e+02, 4.71296600e+02, 2.12643295e+02,
    4.73137878e+02, 2.29751236e+02, 4.75014496e+02, 2.46552643e+02,
    4.76737274e+02, 2.63964661e+02, 4.52288269e+02, 1.96665131e+02,
    4.54117157e+02, 2.13401398e+02, 4.55773987e+02, 2.30060867e+02,
    4.57568542e+02, 2.47157791e+02, 4.59172852e+02, 2.64376923e+02,
    4.34974060e+02, 1.97453537e+02, 4.36622833e+02, 2.13846161e+02,
    4.38305969e+02, 2.30724960e+02, 4.39871368e+02, 2.47593842e+02,
    4.41668793e+02, 2.64841431e+02, 4.17810364e+02, 1.97873169e+02,
    4.19363098e+02, 2.14506119e+02, 4.20855774e+02, 2.31058853e+02,
    4.22308990e+02, 2.47951904e+02, 4.23901917e+02, 2.65205292e+02,
    4.00461304e+02, 1.98676407e+02, 4.01891815e+02, 2.14909164e+02,
    4.03258148e+02, 2.31664963e+02, 4.04720978e+02, 2.48392059e+02,
    4.06193146e+02, 2.65541351e+02, 3.83506897e+02, 1.99304382e+02,
    3.84653748e+02, 2.15540665e+02, 3.85956573e+02, 2.32013931e+02,
    3.87241577e+02, 2.48826859e+02, 3.88489044e+02, 2.65762299e+02,
    3.66493347e+02, 1.99884186e+02, 3.67656891e+02, 2.16012268e+02,
    3.68727875e+02, 2.32462494e+02, 3.69905243e+02, 2.49089188e+02,
    3.71040009e+02, 2.66166840e+02 ]
