%YAML:1.0
---
points: [ 3.00626434e+02, 3.28794739e+02, 3.08177124e+02, 3.30366760e+02,
    3.15684784e+02, 3.32008179e+02, 3.23404144e+02, 3.33720367e+02,
    3.31270996e+02, 3.35403656e+02, 2.99908508e+02, 3.36780518e+02,
    3.07368683e+02, 3.38475159e+02, 3.14986420e+02, 3.40188538e+02,
    3.22679138e+02, 3.41957581e+02, 3.30671753e+02, 3.43773590e+02,
    2.99175995e+02, 3.44765533e+02, 3.06722931e+02, 3.46568939e+02,
    3.14183350e+02, 3.48301086e+02, 3.22013184e+02, 3.50130066e+02,
    3.29843018e+02, 3.52045105e+02, 2.98413605e+02, 3.52845215e+02,
    3.05889435e+02, 3.54655457e+02, 3.13603119e+02, 3.56561707e+02,
    3.21206268e+02, 3.58381073e+02, 3.29221985e+02, 3.60363953e+02,
    2.97674683e+02, 3.60836029e+02, 3.05208099e+02, 3.62746887e+02,
    3.12765289e+02, 3.64661163e+02, 3.20629272e+02, 3.66738892e+02,
    3.28391479e+02, 3.68653290e+02, 2.96938019e+02, 3.68944397e+02,
    3.04382965e+02, 3.70839294e+02, 3.12137299e+02, 3.72882690e+02,
    3.19705139e+02, 3.74866821e+02, 3.27745514e+02, 3.77125427e+02,
    2.96003296e+02, 3.76913727e+02, 3.03680908e+02, 3.79038696e+02,
    3.11184601e+02, 3.81075806e+02, 3.19082642e+02, 3.83249512e+02,
    3.26748535e+02, 3.85271942e+02 ]
