%YAML:1.0
---
points: [ 1.34269519e+03, 9.22031982e+02, 1.34450842e+03, 9.44522949e+02,
    1.34644055e+03, 9.67131592e+02, 1.34826477e+03, 9.89806030e+02,
    1.35015381e+03, 1.01277338e+03, 1.32239441e+03, 9.23990784e+02,
    1.32411987e+03, 9.46597229e+02, 1.32597876e+03, 9.69472778e+02,
    1.32763513e+03, 9.92046875e+02, 1.32951147e+03, 1.01491724e+03,
    1.30191748e+03, 9.25987061e+02, 1.30352917e+03, 9.48787292e+02,
    1.30547437e+03, 9.71479736e+02, 1.30727234e+03, 9.94405029e+02,
    1.30907788e+03, 1.01740216e+03, 1.28134265e+03, 9.28070374e+02,
    1.28332959e+03, 9.50805054e+02, 1.28484888e+03, 9.73670410e+02,
    1.28665161e+03, 9.96783142e+02, 1.28853638e+03, 1.01969476e+03,
    1.26063037e+03, 9.30087219e+02, 1.26238855e+03, 9.52877991e+02,
    1.26409619e+03, 9.75787415e+02, 1.26569507e+03, 9.98880371e+02,
    1.26767297e+03, 1.02219263e+03, 1.23982788e+03, 9.32299316e+02,
    1.24167749e+03, 9.55204712e+02, 1.24308521e+03, 9.77850464e+02,
    1.24491162e+03, 1.00137988e+03, 1.24687122e+03, 1.02452844e+03,
    1.21877856e+03, 9.34191772e+02, 1.22077368e+03, 9.57404480e+02,
    1.22231360e+03, 9.80438721e+02, 1.22378918e+03, 1.00347754e+03,
    1.22575549e+03, 1.02719934e+03 ]
