%YAML:1.0
---
points: [ 4.60900177e+02, 2.49732742e+02, 4.42913086e+02, 2.50341980e+02,
    4.24963531e+02, 2.50508286e+02, 4.07181793e+02, 2.50876083e+02,
    3.89336914e+02, 2.50873154e+02, 4.59699860e+02, 2.32854614e+02,
    4.41660217e+02, 2.33226944e+02, 4.23766815e+02, 2.33725449e+02,
    4.06040436e+02, 2.33889618e+02, 3.88350769e+02, 2.34337875e+02,
    4.58357178e+02, 2.15690399e+02, 4.40490479e+02, 2.16547745e+02,
    4.22673340e+02, 2.16843384e+02, 4.05089844e+02, 2.17439514e+02,
    3.87453308e+02, 2.17796173e+02, 4.57085388e+02, 1.99068985e+02,
    4.39286896e+02, 1.99636703e+02, 4.21591461e+02, 2.00405594e+02,
    4.03953491e+02, 2.00886841e+02, 3.86479675e+02, 2.01626083e+02,
    4.55724365e+02, 1.82484406e+02, 4.37996338e+02, 1.83372208e+02,
    4.20319702e+02, 1.83913544e+02, 4.02910370e+02, 1.84810959e+02,
    3.85506348e+02, 1.85436676e+02, 4.54349762e+02, 1.66229782e+02,
    4.36735779e+02, 1.66878006e+02, 4.19194977e+02, 1.67918152e+02,
    4.01983368e+02, 1.68688507e+02, 3.84705872e+02, 1.69588470e+02,
    4.53097534e+02, 1.49840622e+02, 4.35556702e+02, 1.50933456e+02,
    4.18174072e+02, 1.51773560e+02, 4.01008392e+02, 1.52886566e+02,
    3.83898834e+02, 1.53870956e+02 ]
