%YAML:1.0
---
points: [ 1.34222998e+03, 9.18036682e+02, 1.34187610e+03, 9.39133667e+02,
    1.34162988e+03, 9.60348022e+02, 1.34136230e+03, 9.81195374e+02,
    1.34127039e+03, 1.00228082e+03, 1.32107971e+03, 9.18790405e+02,
    1.32063892e+03, 9.40081238e+02, 1.32045166e+03, 9.61013123e+02,
    1.32025647e+03, 9.82062683e+02, 1.31993872e+03, 1.00316742e+03,
    1.29982715e+03, 9.19982849e+02, 1.29949475e+03, 9.41017578e+02,
    1.29934998e+03, 9.62104065e+02, 1.29917505e+03, 9.83256348e+02,
    1.29904712e+03, 1.00415186e+03, 1.27841309e+03, 9.21161133e+02,
    1.27840894e+03, 9.42335449e+02, 1.27811060e+03, 9.63460449e+02,
    1.27817126e+03, 9.84451721e+02, 1.27800586e+03, 1.00556836e+03,
    1.25723071e+03, 9.21997009e+02, 1.25689148e+03, 9.43368591e+02,
    1.25694275e+03, 9.64363342e+02, 1.25663159e+03, 9.85484741e+02,
    1.25667126e+03, 1.00646613e+03, 1.23574072e+03, 9.23148499e+02,
    1.23564417e+03, 9.44409912e+02, 1.23550842e+03, 9.65389038e+02,
    1.23549023e+03, 9.86537720e+02, 1.23551648e+03, 1.00768787e+03,
    1.21416785e+03, 9.23900635e+02, 1.21419312e+03, 9.45422180e+02,
    1.21411011e+03, 9.66374268e+02, 1.21392981e+03, 9.87584290e+02,
    1.21412158e+03, 1.00881580e+03 ]
