%YAML:1.0
---
points: [ 1.09325952e+03, 9.43261780e+02, 1.09066309e+03, 9.65518738e+02,
    1.08780750e+03, 9.87679688e+02, 1.08536914e+03, 1.01025592e+03,
    1.08255322e+03, 1.03252161e+03, 1.07782312e+03, 9.33653076e+02,
    1.07541711e+03, 9.55575867e+02, 1.07305212e+03, 9.77677734e+02,
    1.07040454e+03, 9.99485779e+02, 1.06763696e+03, 1.02151855e+03,
    1.06335120e+03, 9.24661682e+02, 1.06080664e+03, 9.46107727e+02,
    1.05860266e+03, 9.67866943e+02, 1.05569373e+03, 9.89299500e+02,
    1.05349207e+03, 1.01105328e+03, 1.04870374e+03, 9.15664551e+02,
    1.04639917e+03, 9.37122192e+02, 1.04418103e+03, 9.58384583e+02,
    1.04178687e+03, 9.79721985e+02, 1.03910730e+03, 1.00080505e+03,
    1.03520764e+03, 9.07474609e+02, 1.03265051e+03, 9.28308289e+02,
    1.03054138e+03, 9.49205200e+02, 1.02808386e+03, 9.70117798e+02,
    1.02572095e+03, 9.90914734e+02, 1.02154718e+03, 8.99033325e+02,
    1.01924994e+03, 9.19826416e+02, 1.01731604e+03, 9.40358215e+02,
    1.01475867e+03, 9.60855042e+02, 1.01224268e+03, 9.81364868e+02,
    1.00887482e+03, 8.91320923e+02, 1.00180878e+03, 9.08632812e+02,
    1.00416217e+03, 9.31588196e+02, 9.97760437e+02, 9.48546082e+02,
    9.99613586e+02, 9.72325684e+02 ]
