%YAML:1.0
---
points: [ 3.15972931e+02, 3.48780121e+02, 3.14484558e+02, 3.56466461e+02,
    3.13555511e+02, 3.64461639e+02, 3.12740479e+02, 3.71654907e+02,
    3.11980652e+02, 3.78760498e+02, 3.10179993e+02, 3.45645721e+02,
    3.09556091e+02, 3.52929443e+02, 3.08318268e+02, 3.60153900e+02,
    3.07621277e+02, 3.67508026e+02, 3.06864441e+02, 3.73957672e+02,
    3.10180023e+02, 3.45645691e+02, 3.04022766e+02, 3.50690155e+02,
    3.03374298e+02, 3.57019623e+02, 3.02725189e+02, 3.64230621e+02,
    3.04193359e+02, 3.73383423e+02, 3.05252838e+02, 3.42776093e+02,
    3.04022339e+02, 3.50696075e+02, 2.98421722e+02, 3.53708862e+02,
    2.97416199e+02, 3.60814209e+02, 2.96430786e+02, 3.67061432e+02,
    2.94926910e+02, 3.37420135e+02, 2.99266541e+02, 3.46641357e+02,
    2.93367584e+02, 3.50959351e+02, 2.92265076e+02, 3.58167389e+02,
    2.93938049e+02, 3.66697876e+02, 2.94926941e+02, 3.37420013e+02,
    2.89122314e+02, 3.43217163e+02, 2.88563477e+02, 3.48206055e+02,
    2.87943542e+02, 3.54432373e+02, 2.89287689e+02, 3.63314178e+02,
    2.90276947e+02, 3.35510895e+02, 2.89114868e+02, 3.43253265e+02,
    2.88563507e+02, 3.48205933e+02, 2.88565979e+02, 3.48232605e+02,
    2.84730927e+02, 3.60240295e+02 ]
