%YAML:1.0
---
rotation: !!opencv-matrix
   rows: 3
   cols: 3
   dt: d
   data: [ 9.9998866722335233e-01, -3.0552573914409413e-03,
       3.6511405253138733e-03, 3.0446881505687543e-03,
       9.9999116906106822e-01, 2.8968386119909120e-03,
       -3.6599588698959435e-03, -2.8856891984724736e-03,
       9.9998913869047623e-01 ]
translation: !!opencv-matrix
   rows: 3
   cols: 1
   dt: d
   data: [ -5.1798399481685964e-02, 4.6723210514822220e-04,
       2.4045984909186889e-03 ]
essential: !!opencv-matrix
   rows: 3
   cols: 3
   dt: d
   data: [ -9.0313028197130311e-06, -2.4059255426952661e-03,
       4.6026129664088043e-04, 2.2149912285116540e-03,
       -1.5682074919529039e-04, 5.1806616410233659e-02,
       -6.2493678323144789e-04, -5.1796514538840599e-02,
       -1.5175753373171234e-04 ]
fundamental: !!opencv-matrix
   rows: 3
   cols: 3
   dt: d
   data: [ -8.3378573536082544e-09, -2.2202485924748780e-06,
       6.2141176699717572e-04, 2.0418399133233780e-06,
       -1.4450023944293110e-07, 1.7141897084679419e-02,
       -1.6911439645829860e-03, -4.8695909189517016e-02, 1. ]
