%YAML:1.0
---
depthShift: -6.1595088972594230e+00
